# Created by Octave 4.0.0, Thu May 23 15:02:44 2024 PDT <caveman@RiffellCave1>
# name: corresp
# type: matrix
# rows: 404
# columns: 7
 0.08435163236365707 1.511440667837741 0.1069556980504867 1 1658.2505 922.0905 1
 0.08474628769026959 1.511338238445779 0.1070106498306383 1 1555.855 925.7683 1
 0.08521750044314605 1.511171661615242 0.1070252914262728 1 1430.5682 914.6085 1
 0.08558519451738698 1.510742302077192 0.1072823318980884 1 1308.0533 960.3414 1
 0.08611843912943141 1.510433706672955 0.1075135595701125 1 1141.3855 1000.4734 1
 0.08667767813278211 1.509973317718758 0.1077139138226733 1 949.0377999999999 1027.688 1
 0.0871318582586264 1.509509241992109 0.1079599232117503 1 771.34546 1071.8579 1
 0.08726501260199092 1.508168879992716 0.1074672825299808 1 579.49927 867.0335700000001 1
 0.08779732942961505 1.508155802896864 0.1074376503569951 1 430.95123 840.1466 1
 0.08808596207305694 1.50788977922451 0.1073012868743334 1 316.91675 773.0408 1
 0.08754728718880657 1.507961138594018 0.10721388871589 1 479.8115 763.967 1
 0.08423585091896481 1.508244980935157 0.105343723217407 1 1652.0145 222.53287 1
 0.08489306803923852 1.508237155837473 0.1052301570826551 1 1432.4349 181.18835 1
 0.08558075143113532 1.5081566315523 0.105141435953639 1 1204.4808 141.47424 1
 0.08629180968961893 1.508129096573189 0.1050928055119654 1 981.35364 124.48834 1
 0.08695631491822566 1.508134785811074 0.1050719175795303 1 786.86707 122.49124 1
 0.08753723766680464 1.508077013205758 0.1050637721632916 1 618.373 117.36944 1
 0.08808371656741353 1.508009931430403 0.105020729557491 1 468.4724 102.85902 1
 0.0856987166601401 1.508550712489487 0.1047768016046225 1 1210.9514 86.2765 1
 0.08507696474002138 1.508520739018254 0.1048542117288789 1 1398.2101 104.47067 1
 0.08453711745098084 1.508581970842009 0.1049560736107566 1 1570.2341 144.40721 1
 0.08408813519966214 1.508635794187891 0.1050776888197184 1 1714.3997 190.83981 1
 0.08378114885312624 1.50866318512339 0.1052571709360607 1 1812.4132 252.06442 1
 0.08365113842167521 1.508657988077891 0.1054654510731716 1 1854.1915 318.3895 1
 0.08367459026951647 1.508623624886021 0.1056688982652823 1 1843.1086 378.73938 1
 0.08416860193164867 1.508539761085748 0.1058691987485722 1 1673.3518 428.25885 1
 0.08463116747793288 1.50858569964964 0.1058710769204506 1 1520.6237 427.5773 1
 0.08516368900723011 1.508602266186538 0.1058255272838272 1 1349.1178 408.51794 1
 0.08573722942533098 1.508573357867926 0.1057952701771703 1 1166.3301 390.17563 1
 0.08633773228799206 1.508545461789222 0.1057796050025475 1 981.43646 378.0007 1
 0.08690987633790313 1.508537634335587 0.1057902034080697 1 814.1175500000001 377.2005 1
 0.08740543541064501 1.508494244098451 0.1057901642385228 1 670.35297 370.41867 1
 0.08786232792382301 1.508497006249973 0.1057935322254616 1 551.104 369.78903 1
 0.08823741866239278 1.508497634328751 0.1058178220346881 1 455.6153 375.4031 1
 0.08849634953897076 1.508515972707547 0.1058985030907431 1 391.2146 398.44113 1
 0.08859359685293755 1.508545579894584 0.1060519052920723 1 364.28418 442.73883 1
 0.0885299959703974 1.508586884537607 0.106261011401999 1 374.19086 504.5508 1
 0.08834657757110087 1.508614513678841 0.106459258041272 1 412.11078 564.4571 1
 0.08804784544668715 1.508620306007739 0.1066527905955791 1 476.91275 624.8838500000001 1
 0.08762705891492366 1.508605258495728 0.1068854983106764 1 572.101 700.51874 1
 0.08560102401136249 1.50973795110723 0.1074675528009362 1 1235.5492 980.9218 1
 0.08625097843168036 1.509671439040211 0.1073823180930015 1 1049.4913 935.82104 1
 0.08688869177754377 1.509657558233062 0.1073134157218462 1 877.70215 898.29895 1
 0.08747576123146379 1.509705210739654 0.107238641268277 1 734.5830999999999 864.10706 1
 0.08794505799225766 1.509695262953605 0.1071712728904373 1 621.19934 833.63165 1
 0.08832389731396625 1.509655488100331 0.1070780431078858 1 531.15845 797.92786 1
 0.08859522965108663 1.509632861997736 0.1069827617241025 1 470.6728 765.7479 1
 0.08857916470836533 1.509582827253681 0.1067186797221993 1 479.37997 694.4704 1
 0.08788695403118744 1.509651997806856 0.1064686557733932 1 658.48596 643.77106 1
 0.08735106502085509 1.509669576644134 0.1064137492173531 1 794.6261 638.63586 1
 0.0854777940349661 1.509739911568944 0.1062451794443692 1 1311.1118 626.18414 1
 0.08433794395339832 1.510103332494936 0.1057868926177762 1 1660.2177 540.004 1
 0.08478745305780319 1.509994439529529 0.1056723370234519 1 1533.1936 494.30176 1
 0.08687111843290359 1.509764012945354 0.105395149489721 1 965.98376 381.8706 1
 0.08748757678898671 1.509775982437998 0.105302815591687 1 817.27435 355.56287 1
 0.08801873861293841 1.50980614257969 0.105221966369123 1 697.6903 336.68823 1
 0.08841326701219634 1.509829998458498 0.1051790703353623 1 613.69434 327.90884 1
 0.08871601710216705 1.509855945373586 0.1050956854776521 1 555.1184 310.67685 1
 0.08875122339362677 1.509884204987833 0.1049810067214021 1 555.217 285.11752 1
 0.08844799530122753 1.509838212782762 0.1048974093218284 1 619.8758 262.39496 1
 0.08803530808798349 1.509814496022541 0.1047717565710429 1 714.8117999999999 229.73238 1
 0.0875070068637008 1.509833208035888 0.1046766399749901 1 842.70465 207.31114 1
 0.08685892055641395 1.509825373065499 0.1046358554668558 1 1001.02435 195.9411 1
 0.0861458574284608 1.509801477181464 0.104580801014936 1 1182.2904 180.2167 1
 0.08543770917963911 1.509790490287934 0.1045115855701613 1 1370.826 162.90628 1
 0.08481782777458804 1.509810880194242 0.1044090764960738 1 1541.2734 140.92914 1
 0.08428911074809867 1.509827170314386 0.1043061757899782 1 1688.45 119.25819 1
 0.08387231266001235 1.509910289556956 0.1042031244250896 1 1804.6256 105.25718 1
 0.08360966966208815 1.510004353922438 0.1040871792947731 1 1876.7742 88.87991 1
 0.08357711170535849 1.510066287103257 0.1039455351160602 1 1885.7712 61.40348 1
 0.08372846756520928 1.510088855511893 0.1038138953248673 1 1845.7229 30.984098 1
 0.08402000631560823 1.510070176289473 0.1036902448237371 1 1768.9832 1.7875229 1
 0.08810405199365684 1.511727907051778 0.1029415751330925 1 927.1491 22.09044 1
 0.08785902659202621 1.511681856093126 0.1030912820067832 1 967.7174 44.709618 1
 0.08746627675906743 1.511645438405976 0.1032129413323248 1 1040.698 62.31979 1
 0.08696495147754961 1.511613352852652 0.1032872415654676 1 1140.4741 72.983345 1
 0.08638996903168028 1.511586084134046 0.1033077319101243 1 1260.6306 73.44624 1
 0.08577926302746222 1.511601324605726 0.1033021663231462 1 1394.3716 73.45144999999999 1
 0.08519449260790907 1.51162564269378 0.1032122984108892 1 1525.8279 57.476368 1
 0.08463328415332357 1.51159693856857 0.1030769944280433 1 1651.6409 28.734297 1
 0.08414683769468924 1.511654447114063 0.1029812502156561 1 1762.18 16.45373 1
 0.08372539135236139 1.511763552480031 0.1029990248811335 1 1857.008 32.86436 1
 0.0834407506064937 1.511883620394827 0.1031192283940812 1 1917.4032 70.83526000000001 1
 0.08368752600858601 1.512003160329251 0.1042910335696113 1 1862.3259 327.99805 1
 0.08419989155358085 1.511998888093034 0.1043802305626847 1 1745.303 342.84552 1
 0.08483302838080667 1.512007610112181 0.1044464658249348 1 1601.982 353.5202 1
 0.08550673153986493 1.511966986615848 0.104532880488184 1 1447.8845 363.69608 1
 0.08623889036749385 1.511914264573728 0.1046107508687945 1 1282.3258 371.75528 1
 0.08692969679605077 1.511930058506033 0.1047661717905206 1 1130.3318 401.8397 1
 0.08760183548969767 1.5120418057696 0.1049037694737206 1 993.7198 434.15335 1
 0.088139468185613 1.512085153913211 0.1050735743644805 1 883.86707 468.5084 1
 0.08850924848844359 1.512045834641673 0.1052572443612083 1 803.1276 502.0135 1
 0.08869656493627975 1.512030746547659 0.1054903845421765 1 758.33386 547.5561 1
 0.08860262452153364 1.511993832133421 0.1057928265734473 1 763.66504 609.4854 1
 0.08829618686146558 1.511914091821203 0.1060141133222802 1 810.31555 656.10474 1
 0.08784521723972639 1.511780348571911 0.1060929947879222 1 888.98425 672.6237 1
 0.08726280331100875 1.511658518697408 0.106090684000026 1 1003.76544 674.0368 1
 0.08664150527165122 1.511620696525603 0.1060191325319749 1 1141.0592 664.21674 1
 0.08599889742879654 1.511617375925961 0.1059152204895831 1 1290.7538 648.45233 1
 0.08529709979551059 1.511658574630632 0.1058956072488741 1 1457.6089 655.2974 1
 0.0833878257372154 1.511886280651006 0.1068193277034881 1 1902.0381 919.3150000000001 1
 0.08386840379588185 1.511927521159784 0.1069139506657155 1 1784.3624 935.1922 1
 0.08445670680810054 1.511898791726267 0.1070195906094088 1 1639.9569 950.0776 1
 0.08513403768900296 1.511913881940533 0.1071790242837857 1 1474.5487 976.51855 1
 0.08585265743191041 1.511993911411897 0.1073855534469482 1 1304.1074 1013.07996 1
 0.08651465123340439 1.512059440386598 0.1076462165773158 1 1149.803 1060.4988 1
 0.08744805433468074 1.512850995801547 0.1077793129240325 1 999.29095 1081.3198 1
 0.08670175344492746 1.512876721472176 0.1076392591629474 1 1157.6976 1068.8408 1
 0.085919076877964 1.512923098583302 0.1074749419762735 1 1329.5927 1050.4858 1
 0.08514463551100197 1.512961603870405 0.1072720881388661 1 1502.13 1022.0754 1
 0.08449044747360693 1.512969094902922 0.1070152719350311 1 1651.6399 976.33075 1
 0.0839293584916095 1.513099873184315 0.106842377095478 1 1779.1394 950.0221 1
 0.08347798152059388 1.513163983541296 0.106748894853715 1 1878.8423 937.7019 1
 0.08351443352971269 1.51344592632093 0.1063676259602207 1 1876.8032 862.26086 1
 0.08394845782552582 1.513456443547359 0.1061992282273429 1 1788.4 820.9194 1
 0.08446053381821192 1.513545034887531 0.1061015048021758 1 1684.2333 796.58093 1
 0.08508378298009947 1.513532703110515 0.1060317421367081 1 1556.8743 773.33716 1
 0.0857716089380795 1.513460783419026 0.1060276165497943 1 1414.5686 760.6482999999999 1
 0.08653071227192362 1.513358377522202 0.1060199721768082 1 1257.8578 744.9055 1
 0.08881655302016679 1.513215713614249 0.105917836426484 1 817.1079 689.10864 1
 0.08914787740321832 1.513285880126076 0.1057833750773636 1 767.5626999999999 662.4903 1
 0.08925238483419623 1.513295952700372 0.1056211261790567 1 754.6054 631.7868999999999 1
 0.08909629282300612 1.513255605424834 0.1054840590394175 1 782.8887 605.245 1
 0.08871602325204511 1.513268135107974 0.1053754098223379 1 853.5787 588.37225 1
 0.08813674823131108 1.513259212908668 0.105285687859843 1 961.4779 577.1796000000001 1
 0.08744066277004731 1.513240083103791 0.1051925854813961 1 1093.3296 564.01666 1
 0.08670989278994272 1.513191177621347 0.1050712450483568 1 1235.846 544.0529 1
 0.08594206187229417 1.513165603467578 0.1049778054453959 1 1390.5731 530.8253999999999 1
 0.08522676690157859 1.513178300135861 0.1048365632939499 1 1540.069 510.33536 1
 0.08458315646933917 1.513210757447115 0.1047073653792554 1 1675.2716 491.29874 1
 0.08409033427918627 1.513235911379744 0.1045352233250245 1 1779.4244 462.39996 1
 0.08372627380356602 1.513236177779645 0.1043745983030047 1 1855.9554 433.24615 1
 0.08346114268855089 1.51331401872212 0.1042712875660404 1 1911.1055 419.8138 1
 0.08351826748129366 1.513466559174343 0.1039583302415223 1 1900.9888 367.40472 1
 0.08388279015347655 1.513495437755718 0.1038301515590997 1 1828.725 341.55847 1
 0.08436671133499273 1.513388309866391 0.1038123704685175 1 1731.1515 327.12054 1
 0.08499506501533273 1.513329390742183 0.1038270304629232 1 1604.6158 322.26987 1
 0.08570029830267564 1.513260370008308 0.1038385623135993 1 1461.76 315.1411 1
 0.08644104807917002 1.513311659609898 0.1038098826195156 1 1319.0068 309.69913 1
 0.08716047234743379 1.513326694712875 0.1037276670451019 1 1184.1576 292.9365 1
 0.08786220783228757 1.513274945725605 0.1035596578282408 1 1055.3328 257.33914 1
 0.08843098643962198 1.513273269370918 0.1034764560802943 1 955.2609 241.89394 1
 0.0888329725220315 1.513298721008393 0.1034112992927982 1 888.42114 232.33195 1
 0.08902611638286381 1.513396752138412 0.1033259337933472 1 863.88275 224.51614 1
 0.08899058874145528 1.513392979301585 0.1031720427973299 1 873.3176999999999 198.29951 1
 0.08873968582285698 1.513319668210944 0.1030167357416422 1 916.04047 165.99971 1
 0.08831450427683099 1.513212847877924 0.1028424383717522 1 987.6424 127.51502 1
 0.08776684655959412 1.513097427246236 0.1026716344910266 1 1082.8801 87.97396000000001 1
 0.08712936004455353 1.51308034153396 0.1025386209680448 1 1201.7406 61.95258 1
 0.08642590774108315 1.513068154510215 0.1024693715917234 1 1334.6616 48.06698 1
 0.08571173039360785 1.513139979707093 0.1024232870832927 1 1474.6936 45.785 1
 0.08501154978926928 1.51323405724451 0.1024162486884419 1 1612.2405 52.512154 1
 0.08444465910972287 1.513306538863715 0.1022772491651885 1 1724.7288 36.43798 1
 0.08398478895346742 1.513391751509821 0.1021755449020084 1 1814.649 27.405901 1
 0.08364587472397357 1.513432245023783 0.1020901392048696 1 1879.9501 17.456028 1
 0.08361599653105717 1.514416628635871 0.1017532260949574 1 1887.5642 42.5066 1
 0.08401785062231519 1.514335675330892 0.1018641488846594 1 1815.3208 52.50822 1
 0.08457117707071476 1.514316934553266 0.1019209722352507 1 1715.6414 58.369797 1
 0.08526822080229993 1.51422454479672 0.1018516635879889 1 1589.8236 38.614967 1
 0.08596180469929064 1.514214853090708 0.1019033515595196 1 1465.8262 45.636734 1
 0.08663159964120067 1.51429497568949 0.1020201896332839 1 1349.6725 70.7068 1
 0.08872822560749931 1.514196447116527 0.1023178442227966 1 986.7399 114.10787 1
 0.0889223482860725 1.514188921772904 0.1024743081781481 1 951.18713 138.60757 1
 0.08891608010535763 1.514168205099863 0.1026633113617733 1 946.7984 167.2436 1
 0.08870018581330961 1.514183412981269 0.102832681499128 1 978.93945 195.48325 1
 0.08835061350810659 1.51417281171709 0.1029015973261487 1 1034.7319 205.52596 1
 0.08785791401917292 1.514197449070945 0.1029489677272045 1 1118.3853 215.1432 1
 0.0872403044246782 1.514176297591335 0.1029748139303479 1 1223.6722 218.74997 1
 0.08652270250272262 1.514206727975109 0.1030094118909162 1 1351.4084 228.17502 1
 0.08507444186504842 1.514338611068448 0.1029817998225241 1 1617.6339 237.52359 1
 0.08442359303094145 1.514358501608814 0.1030383445479096 1 1737.08 252.2236 1
 0.08390134291028982 1.514384504666492 0.1030841466505283 1 1832.9846 265.0094 1
 0.08351424574426466 1.514398953310331 0.103179113626547 1 1904.1223 285.37906 1
 0.0837499491333592 1.514334578945341 0.1038970011375351 1 1856.6534 409.4947 1
 0.0842044291745148 1.514314295637568 0.1040160175213749 1 1769.9081 426.5214 1
 0.08475017297250181 1.514308476520842 0.1041394662691019 1 1665.5894 444.66824 1
 0.08540493110345314 1.514209879343484 0.1041790612897393 1 1540.1063 442.24512 1
 0.0861042645199286 1.514180386684351 0.1042531936805277 1 1406.9235 448.08014 1
 0.08682512939597557 1.514202148223025 0.1043240651400556 1 1273.8495 457.34686 1
 0.08749827358201051 1.514196055026072 0.1043842431593362 1 1151.1924 463.12634 1
 0.08806455587507035 1.514169032580296 0.1044980216610722 1 1047.6786 478.22974 1
 0.0885239828402667 1.51414590583582 0.1046407616333076 1 963.7517 499.15573 1
 0.08885222990652555 1.514127611583834 0.1048159435832821 1 902.503 526.7872 1
 0.08895109608341889 1.514116924817731 0.1050766486822244 1 878.5252 571.56134 1
 0.0887621463640761 1.514098157496046 0.1053041448660208 1 903.9255000000001 613.62195 1
 0.08837880097811178 1.514126421642712 0.1054164511602472 1 968.87756 638.9226 1
 0.08782729482125042 1.514149082788044 0.1054939147444898 1 1065.5198 659.7699 1
 0.08718500239281826 1.514177807465428 0.1055353360593198 1 1182.2572 675.6487 1
 0.08652070824192151 1.514209032603268 0.1055480304531221 1 1306.2905 686.772 1
 0.08590082944649841 1.514238546793629 0.1055234183210898 1 1424.6909 690.1944999999999 1
 0.08533670320114868 1.514265283536024 0.1055139866376425 1 1533.3507 695.88275 1
 0.08485518498778498 1.514285932708565 0.1055432570744765 1 1625.945 707.8135 1
 0.08448065396874355 1.514226651031843 0.1056000875011564 1 1697.0017 720.76483 1
 0.0841809137589726 1.514171686053256 0.1056750518316384 1 1754.0238 736.73376 1
 0.0838679135821932 1.514197395019381 0.1058749997133199 1 1812.8827 781.136 1
 0.0836183946326457 1.514233030084754 0.1061160726910141 1 1858.5759 833.8266599999999 1
 0.08358837996861025 1.514294362511832 0.1063703688662701 1 1860.7534 887.1651000000001 1
 0.08396746528381069 1.514242169708062 0.1064157589178704 1 1785.182 889.8832 1
 0.08451694439531918 1.514196969654128 0.1064722278907654 1 1675.0803 892.4158 1
 0.08513202835674497 1.514148881281275 0.1066154141212614 1 1550.1119 910.9991 1
 0.08586763814795362 1.514015834108537 0.1066989805335515 1 1400.0487 913.08344 1
 0.08660917897918465 1.513969836958855 0.1068370719130206 1 1251.1256 927.43677 1
 0.08724964064307124 1.514029327540767 0.1070878218035785 1 1126.4156 966.96344 1
 0.08782905017506529 1.514082374524624 0.107274846792497 1 1017.84235 993.4941 1
 0.08833569454668654 1.51403808625142 0.1073736666568165 1 921.41 1001.58716 1
 0.0886499775613432 1.514060258214881 0.107531091374646 1 863.4347 1025.382 1
 0.08876561392916989 1.51405292072658 0.1076637112816639 1 839.3333 1047.742 1
 0.0879414437229467 1.509187228784677 0.1076277663244273 1 537.3348999999999 939.0456 1
 0.08805583895992461 1.509208800427662 0.1070086140575777 1 539.56104 762.3343 1
 0.08814918534576378 1.509228688697813 0.1062932687630391 1 552.3481 565.7821 1
 0.08821950479629644 1.509157935746666 0.1054800709954783 1 565.10455 344.80154 1
 0.08773784984603682 1.510127470029313 0.1053184867921289 1 792.5213 387.8138 1
 0.0875209269248008 1.50988175670244 0.1070468609771363 1 750.13324 818.2586700000001 1
 0.08742281496181023 1.509800401521183 0.1077504788609513 1 738.0809 1010.1548 1
 0.08757250820085428 1.510738090410386 0.1074285712632742 1 812.36487 949.4113 1
 0.08773763258462902 1.510709769259827 0.1066518307898074 1 799.6355 751.8661 1
 0.08793702779767569 1.510690755063137 0.1049453355157898 1 814.0186 345.0158 1
 0.08799684455851942 1.510658269927402 0.1040403965841839 1 830.59827 142.65416 1
 0.08746408573598997 1.511325354674576 0.1030355961932193 1 1024.495 2.8680267 1
 0.0874079333351061 1.511366577067404 0.104058866601533 1 1010.96136 207.90709 1
 0.0873904084693726 1.511375472754283 0.1050195100853536 1 987.2998 414.66165 1
 0.08738854473584326 1.511377468602704 0.1059292033301619 1 960.2154 622.8971 1
 0.08742741311182176 1.511419876762078 0.1067694773462777 1 928.4472 817.31274 1
 0.08745352815801208 1.511426358056122 0.1075521636723062 1 897.6479 1001.88873 1
 0.08742388447037662 1.512655885794638 0.1075174889599952 1 998.44183 1022.30444 1
 0.08751664012552555 1.512703999710544 0.1068470986574879 1 1001.8606 878.2451 1
 0.08761449568514952 1.512725793571089 0.1061243296081411 1 1003.7614 725.56445 1
 0.08770447140514732 1.512733114296087 0.1053569902390919 1 1007.3417 568.2962 1
 0.08778884798114862 1.512729985207138 0.1045600485949469 1 1011.5864 408.24942 1
 0.08783651633385875 1.512674105878871 0.1037536447791501 1 1019.6528 250.07574 1
 0.08786520323106958 1.512685397235554 0.1029431060908939 1 1034.9314 102.77672 1
 0.08796540466315 1.513744318768529 0.1024341328418586 1 1087.504 98.156136 1
 0.08792866270076934 1.513753813389421 0.1034305277861091 1 1072.986 266.91953 1
 0.08788602285289222 1.513763450148314 0.1044023024638769 1 1059.3484 441.7064 1
 0.08782452427307531 1.513829225982889 0.105374135428959 1 1050.9274 623.539 1
 0.08775329909018383 1.513859079368887 0.1062654099751779 1 1043.8364 794.7198 1
 0.08768311094162654 1.513901076882693 0.1070528467065977 1 1039.5359 949.3570999999999 1
 0.08760461457918256 1.513923603058587 0.1077454525828829 1 1037.7953 1087.6143 1
 0.08593897054511941 1.508448559649668 0.1065058935229317 1 1063.645 601.6704999999999 1
 0.08605913679759829 1.508481939042859 0.1058130593233023 1 1057.9703 383.8458 1
 0.08615709875564302 1.50850912542074 0.1051040175132337 1 1058.6777 175.2336 1
 0.08603238403611657 1.508899840925022 0.1055387950236158 1 1114.0242 344.89355 1
 0.08585580028034362 1.508865773312133 0.1065022578032092 1 1128.0459 634.511 1
 0.08577564575912283 1.50988981348647 0.1073682900692995 1 1200.0946 952.2581 1
 0.08606545416473944 1.509977375561327 0.1055795101854634 1 1185.9662 453.6284 1
 0.08614403006165355 1.509994442109202 0.1046326040984839 1 1194.3691 212.81902 1
 0.08651370343799845 1.51085379990391 0.1036221726238553 1 1185.5697 67.16208 1
 0.0864507958721082 1.510775690951291 0.1046933560219882 1 1168.0865 298.87015 1
 0.08634438053747862 1.510718677469831 0.1066085033199706 1 1133.9963 766.9463 1
 0.08628441852386282 1.510667122081425 0.1074395701822424 1 1118.3406 982.9978 1
 0.08589517018067817 1.511638161731537 0.1074869638282072 1 1273.5436 1028.7285 1
 0.08607144746050706 1.511716827786199 0.1065023049252439 1 1263.4016 790.15625 1
 0.0862155454077036 1.511772010887835 0.1054130094681782 1 1261.6962 538.66626 1
 0.08633622476464239 1.511773161094341 0.1042413241544048 1 1262.0004 281.8948 1
 0.08641159602368216 1.51183545066497 0.1031224742814963 1 1271.9128 58.912502 1
 0.08649692955718342 1.512452650285608 0.102901811721631 1 1287.5946 73.263954 1
 0.08649765765706145 1.51244603392993 0.1041268736857976 1 1263.3887 309.24405 1
 0.0864442982873905 1.512435609951458 0.1053193845090967 1 1247.803 555.50476 1
 0.08634385490156729 1.512405814615717 0.1064014643882825 1 1241.1373 790.8271 1
 0.08622634231589119 1.512381302232292 0.1073424816911962 1 1240.699 1003.7226 1
 0.08577049942469621 1.513004621291019 0.1078779812934701 1 1354.5328 1146.0604 1
 0.08587272516203924 1.513016876422252 0.1070781457998076 1 1353.1113 966.83264 1
 0.08595601262859089 1.512997726737218 0.1061105230711421 1 1357.6012 757.0658 1
 0.08604419000238987 1.512996491078833 0.1049918189809408 1 1363.0227 523.18475 1
 0.08612899983801565 1.51302427258938 0.103750657390526 1 1369.9037 279.52527 1
 0.08618670128561878 1.513086262262052 0.1024963322743127 1 1380.549 52.77752 1
 0.0861418376657503 1.514124897175709 0.1019277740101651 1 1431.017 42.40483 1
 0.08607322769368574 1.514090266531591 0.1031888425719411 1 1426.1178 252.24391 1
 0.08597935047316511 1.514117245707589 0.1043828291542868 1 1425.9615 469.00714 1
 0.08585709927957876 1.514122867861031 0.1055012037752451 1 1429.7777 681.48834 1
 0.08575050375723578 1.51409068840067 0.1064694418228477 1 1430.2415 871.1738 1
 0.08564354325861694 1.514096905395112 0.1073100183441061 1 1433.1871 1041.164 1
 0.08395884657193962 1.508169841161828 0.105396424977089 1 1744.3448 232.70149 1
 0.08514561108403243 1.509621333133168 0.1041775280939032 1 1447.9888 59.018833 1
 0.08504070965629131 1.509521662117724 0.105362084241679 1 1448.7881 363.5914 1
 0.08446197133035868 1.51053850481634 0.10671308087663 1 1615.9987 821.14905 1
 0.08471714126390766 1.510519131098206 0.1047224449172143 1 1586.5055 292.6089 1
 0.08485478714092545 1.510514995167782 0.1035729496650392 1 1566.6572 19.804108 1
 0.08462423797161517 1.511245860114347 0.1040455959360849 1 1637.1517 201.48476 1
 0.08458510677515035 1.511180680694087 0.1050858995771825 1 1631.2096 438.03674 1
 0.08452350634364528 1.511169289256156 0.1069020093405652 1 1610.8049 896.0692 1
 0.08451073421561246 1.511239465291952 0.1076503384003511 1 1596.3251 1094.0577 1
 0.08428056089207256 1.512453372100143 0.1077738920473836 1 1672.8507 1145.0575 1
 0.08440427776220558 1.512481805269575 0.1069961803807415 1 1663.1022 961.875 1
 0.08453574694265079 1.512468342034403 0.1060666723268951 1 1651.8828 744.91547 1
 0.08467179930654602 1.512513608562422 0.1049963023380256 1 1640.4078 508.31226 1
 0.0847434346100313 1.512527104068636 0.1038821930463837 1 1639.1553 274.7829 1
 0.08480274397981956 1.512482474040423 0.1026995838261598 1 1636.6206 39.068832 1
 0.08452490017637714 1.512863355733079 0.1022731040027173 1 1702.5427 1.7864045 1
 0.08447728072588678 1.512825117771987 0.1035049463023143 1 1703.847 224.50024 1
 0.08440377739928803 1.51281684743784 0.1047182418155591 1 1707.1488 470.7992 1
 0.08432185590778606 1.512743911053517 0.1058100909025945 1 1708.1243 702.72424 1
 0.08423944255882067 1.51273384644288 0.1067554519520692 1 1709.1254 915.63275 1
 0.08415946457483185 1.512771852670013 0.1075807759343501 1 1709.5918 1106.1545 1
 0.08421135614872938 1.514124163759425 0.1076788660705002 1 1711.5243 1141.4448 1
 0.08431359276535577 1.514178386458034 0.1069068949973204 1 1707.1631 982.6863 1
 0.08441838130609382 1.514211323239993 0.1060047558396355 1 1702.5056 801.4419 1
 0.08451215669771842 1.514241607144635 0.1050120647496763 1 1699.1155 606.7233 1
 0.08459182276135913 1.514284721723685 0.1039395981187237 1 1697.1875 407.4984 1
 0.08465317295802394 1.514256742673839 0.102805978837106 1 1695.1105 202.88037 1
 0.08467667198870273 1.514235309608434 0.1016311624258313 1 1697.0419 5.7976465 1
 0.08620336685393748 1.511968354107303 0.1030831762025511 1 1322.6572 64.29146 1
 0.0862203206116661 1.511916396213575 0.1035332487328262 1 1308.4562 148.73013 1
 0.08624593494265299 1.511946083066187 0.1040476909290798 1 1294.133 255.844 1
 0.08619513351343634 1.511871405547464 0.1045939168922282 1 1290.0278 365.42612 1
 0.08600902713924614 1.511420630386012 0.1051366456561395 1 1297.2733 454.56924 1
 0.08583420781672105 1.511132323045663 0.1063413679964353 1 1292.7012 727.9906999999999 1
 0.08594180388138056 1.510153853418462 0.1068190079895931 1 1191.6202 803.5846 1
 0.08615846738735475 1.509835098197562 0.107152834462575 1 1097.2744 878.5418 1
 0.08649540773415665 1.50953004827012 0.1072429226045313 1 974.10095 883.3191 1
 0.0872779523519486 1.509555433326907 0.1054061373966928 1 842.6640599999999 363.5842 1
 0.08713855316057238 1.51002322265936 0.1046941519866978 1 947.519 229.62703 1
 0.08680543258996866 1.510595903141551 0.1043283071306604 1 1082.8604 198.39427 1
 0.08635210365574086 1.511121658939181 0.10437768944979 1 1220.2148 257.4981 1
 0.08579103786603597 1.511536360316493 0.1046775455678361 1 1363.5625 360.88043 1
 0.08521750268587971 1.511815608033083 0.1052182970262779 1 1495.837 507.61984 1
 0.0847706522371198 1.511996215564677 0.1060398936041166 1 1588.6 713.7567 1
 0.08452233677085838 1.511813238872538 0.1069962850337257 1 1622.7408 940.6351 1
 0.08455233999090536 1.511420320414279 0.1076421914379702 1 1590.4648 1093.989 1
 0.08488156385573196 1.511088469564119 0.1079512332285444 1 1486.8256 1162.7037 1
 0.08543360916501717 1.510733385450745 0.1080138230617101 1 1324.3434 1164.6346 1
 0.0861196840511273 1.510545047303553 0.107868957063038 1 1137.009 1099.4287 1
 0.08683476248186864 1.510303611162649 0.1075912871924534 1 943.7015 998.45685 1
 0.08748743176302955 1.510041004653324 0.1073419978550711 1 764.40076 905.1445 1
 0.08797738245280834 1.509704263246554 0.1073511079714595 1 607.28345 881.77655 1
 0.08821250987859543 1.50929270503805 0.1077196462750672 1 482.24118 960.1855 1
 0.08450297042246226 1.508756588366777 0.1057049033547939 1 1573.241 393.99854 1
 0.08520154325980094 1.508745972248601 0.1051705304027874 1 1364.6736 224.93065 1
 0.08592912875183824 1.508744153554594 0.1049158544706777 1 1153.1333 149.96869 1
 0.08663191229001926 1.508744830870082 0.1049129976516749 1 952.5055 150.36028 1
 0.0872146219053708 1.508792102216606 0.1051516443657113 1 788.7413299999999 221.85658 1
 0.08712654793525609 1.509682259223693 0.1076606014250322 1 804.1264 990.8174 1
 0.08614390028256647 1.510924770132685 0.1078455951607286 1 1158.3239 1099.0538 1
 0.08596972228174719 1.511527025806791 0.107175490536957 1 1258.7155 947.93774 1
 0.0856494368572143 1.511979186125745 0.1065085201348938 1 1373.2676 809.70294 1
 0.08514747864611043 1.512280285593199 0.1062234394018973 1 1505.8585 764.0427 1
 0.08458820324135816 1.512682359701389 0.106376055594071 1 1638.1802 822.9283 1
 0.08409868560617882 1.513126960463897 0.1069861712418984 1 1739.62 979.9358999999999 1
 0.08380746550042877 1.513290949979732 0.1077571751645401 1 1787.3617 1157.4979 1
 0.08564428482129149 1.512377450846233 0.1079148586635142 1 1355.2555 1150.7614 1
 0.08642078392395847 1.512295096223572 0.1072137209800516 1 1196.8544 968.4237000000001 1
 0.08709099692731405 1.512025816706617 0.1065100814617211 1 1054.2219 787.88525 1
 0.08758839128773106 1.511589935287411 0.1058763903759723 1 934.24646 617.256 1
 0.08807318417870086 1.51026628206402 0.1057778711259839 1 712.0717 507.70535 1
 0.08806096936005038 1.509491387376118 0.1062074540839934 1 610.2962 562.6263 1
 0.08787341395757127 1.50882067232972 0.1067226762445094 1 546.02234 661.8824 1
 0.08756474867486057 1.508485702175997 0.107054238733063 1 563.4453 745.7614 1
 0.08723054543633996 1.50848374973009 0.1070318851666319 1 656.3731 746.5006 1
 0.08693606927796281 1.508985228575035 0.1052739090640026 1 878.9553 274.88397 1
 0.08692592048124481 1.509277726867815 0.1040460583036655 1 956.2117 1.2662112 1
 0.08722274911592677 1.508403656582599 0.1050808389633101 1 743.2062 158.95055 1
 0.08694139288274967 1.508798649185445 0.104876833911212 1 874.6629 147.76334 1
 0.08677256293411455 1.509320389262002 0.1040829718509509 1 998.5072 6.6042557 1
 0.08526582686493385 1.509676727165728 0.1044838482400433 1 1412.2048 143.70099 1
 0.08485190713364155 1.509163985130313 0.1052918568094526 1 1490.0012 309.29718 1
 0.08455803833139496 1.508614022498428 0.1056541897083049 1 1551.055 362.3144 1
 0.08454431308547976 1.508412929004085 0.1054861512023633 1 1551.0099 286.24323 1
 0.08476623693972227 1.508465322095632 0.1048562470159676 1 1493.7865 98.29174999999999 1
 0.08465484590649576 1.511569477679825 0.1032653242969192 1 1644.8628 64.38305 1
 0.08448546116528105 1.512073546384223 0.1040298252357833 1 1685.674 270.93427 1
 0.08434526466556634 1.512234898490552 0.105011104732457 1 1708.3131 497.14084 1
 0.08412342105292159 1.51226179320566 0.1060084370183126 1 1744.0365 728.05054 1
 0.08377795524427373 1.512536329054234 0.1065540755867539 1 1815.1583 870.4049 1
 0.08363461299657281 1.513954384778592 0.1041836280757114 1 1876.3698 441.18115 1
 0.08399980611496838 1.513944639445968 0.1033064396760212 1 1811.1659 273.6835 1
 0.08451802879562026 1.513698789366302 0.1028055320947137 1 1712.966 162.19934 1
 0.08509643201568311 1.513412032365384 0.1027934067210233 1 1596.8455 135.5259 1
 0.08564432584059849 1.51308896759827 0.1032200463893432 1 1476.3931 186.31966 1
 0.08592761623727745 1.512853130384224 0.1039714709334593 1 1400.2788 310.83508 1
 0.08583189681089573 1.512608701617428 0.1046461588509602 1 1399.0442 430.35886 1
 0.08552064706950226 1.512663416447553 0.1047635249339109 1 1464.7239 460.7658 1
 0.08529648211916439 1.51296425579505 0.1040019516093237 1 1532.1898 328.09293 1
 0.08524406063266056 1.513225219708143 0.1029289651920453 1 1562.3431 144.45355 1
 0.0877524882235102 1.511748972301475 0.1033527353405583 1 986.3 100.07921 1
 0.08753800750826257 1.51154581334032 0.1043205682009851 1 988.72876 277.16656 1
 0.08705371135221948 1.511647329543541 0.1049791260902745 1 1080.2621 427.16278 1
 0.08654664961036741 1.51188526961491 0.1049535814939317 1 1205.6211 441.5607 1
 0.08635011671524591 1.512143635500056 0.1042453845210195 1 1277.1836 311.55188 1
 0.08650467295584936 1.512253190515848 0.1031256313375296 1 1272.649 98.04707000000001 1
 0.08692700514430088 1.509450509494325 0.1051455522700439 1 931.91254 287.39264 1
 0.08628174150364458 1.509902633089619 0.1053323578208689 1 1131.4321 380.7121 1
 0.08583865046791277 1.510577606517609 0.1048893779818481 1 1300.1266 331.31903 1
 0.08569822437667766 1.511290958004572 0.1039092709252545 1 1388.9032 171.51562 1
 0.08617324293739098 1.50879594580509 0.1051812282114723 1 1077.1602 230.38718 1
 0.08547475178880495 1.50890538755493 0.1059235544931197 1 1268.5074 464.70184 1
 0.08443218757273273 1.508700431642591 0.1058096848941016 1 1591.9685 422.00812 1
 0.08447794547539665 1.508597184404555 0.105073902699126 1 1587.6384 181.91263 1
 0.08508803858642014 1.512447513952416 0.1032179275521357 1 1571.791 134.75757 1
 0.084595181594135 1.512814751598488 0.103770020269725 1 1676.8884 275.58524 1
 0.08424718661779401 1.513242242446469 0.1034046996282183 1 1756.655 239.02097 1
 0.08399963732784609 1.51362896706376 0.1025486014648714 1 1812.5668 113.24422 1
 0.08755196670329357 1.511203998371004 0.1037755918204686 1 977.08673 135.5315 1
 0.08725136544894627 1.511926983308597 0.1040900602875664 1 1080.0675 260.081 1
 0.08726143213449102 1.51299176085325 0.1039047402958603 1 1144.1295 302.70944 1
 0.08756191291059655 1.513542867946792 0.1034627602790369 1 1126.6709 259.1743 1
 0.08623180711575994 1.514052222102527 0.1022159938540415 1 1409.4406 84.2711 1
 0.08663650995518908 1.513936803697185 0.1027042089550129 1 1325.8287 157.18602 1
 0.08717822612018826 1.513819762395377 0.102704584860028 1 1223.9509 148.34456 1
 0.08768398271518475 1.513705873354052 0.1023869640591309 1 1135.332 87.07621 1
 0.08506685702710742 1.513248111277482 0.1031830216045583 1 1595.121 194.10637 1
 0.08448316784024985 1.513327220359444 0.1038353818373399 1 1706.7404 326.82532 1
 0.08406076382936581 1.513457840528564 0.1037181884322498 1 1793.593 316.33044 1
 0.08390973057452172 1.513711252580457 0.102945926449792 1 1828.6772 191.3962 1
 0.08395518646325613 1.513928684140527 0.1018332158724099 1 1823.9673 14.99718 1


