# Created by Octave 4.0.0, Thu May 23 15:02:44 2024 PDT <caveman@RiffellCave1>
# name: corresp
# type: matrix
# rows: 442
# columns: 7
 0.08575651580013087 1.508126067779482 0.09986767915293494 1 259.85373 773.7054000000001 1
 0.08512505461198176 1.508193908561027 0.09977170305979055 1 555.31274 869.26514 1
 0.08453950417292788 1.508275405032522 0.09967327028419821 1 841.08734 958.7263 1
 0.08401687071847259 1.508232861266142 0.0995157183075899 1 1115.0428 980.9503999999999 1
 0.08356678984979161 1.508153793453955 0.09935179252587929 1 1362.4404 976.1404 1
 0.08328533982198325 1.508099956637631 0.09918688575413598 1 1527.7899 945.192 1
 0.08326480241447877 1.508138692951246 0.09902107551662334 1 1561.0945 892.5996 1
 0.08362392619903518 1.508277507771816 0.09881650765487816 1 1419.5741 790.52496 1
 0.08405289784905456 1.508345333127531 0.09867953980565836 1 1249.4117 689.6373 1
 0.0845667747943013 1.508333168166104 0.09858518012827673 1 1046.6245 573.648 1
 0.08517103926607203 1.508259817166577 0.09851649052808563 1 810.45154 440.0324 1
 0.08591132887964402 1.5082964931803 0.09845275851390635 1 536.4249 326.36362 1
 0.08665849886478239 1.508323557646742 0.09835264072617193 1 291.1321 208.78468 1
 0.08730946053497245 1.508306574147636 0.09824105973501923 1 99.906265 98.574326 1
 0.08575338634128286 1.508246559114863 0.09743091815908679 1 792.8157 49.50604 1
 0.08516954260796612 1.508282152970859 0.09740928768685352 1 1012.49176 124.34594 1
 0.08458187574146671 1.508241994754236 0.09742799113659009 1 1235.9406 192.60411 1
 0.084070945794516 1.508183684366341 0.09742462645841951 1 1441.445 242.89351 1
 0.08373178566944496 1.508139990147471 0.0973147310824881 1 1595.2633 244.35365 1
 0.08356840824469444 1.508194994092805 0.09721903159225384 1 1669.7947 252.6789 1
 0.08369141423604404 1.50819358320886 0.09699069480903584 1 1647.0319 173.94005 1
 0.08411629918322018 1.508351750799641 0.09674582503510673 1 1503.4714 101.665825 1
 0.08367588493666406 1.508925391043833 0.09546754496028365 1 1756.7202 6.4960284 1
 0.08381547269989037 1.508984329041793 0.09575085056689082 1 1681.0253 67.82761000000001 1
 0.08409125903442657 1.509011743734036 0.09590578691207741 1 1572.7015 79.24409 1
 0.08449777151377576 1.509067985762059 0.0960222219003498 1 1422.3927 75.73096 1
 0.08500446371699129 1.509119185553497 0.09613741208250386 1 1240.1495 60.626198 1
 0.08558384011724471 1.509167953441641 0.0962566849763507 1 1037.3644 39.27045 1
 0.08620155330210934 1.509194389257876 0.09635586739831932 1 829.8918 6.6440306 1
 0.08768650672508523 1.508836222638338 0.09792993107291205 1 89.60417 122.2725 1
 0.08720041784543525 1.508871980821408 0.09801604921861207 1 219.47586 204.08165 1
 0.08669553454242586 1.508893212380273 0.09806578298115595 1 369.71805 279.49435 1
 0.08616991084105913 1.508901892892486 0.09810616116595726 1 537.07983 356.25824 1
 0.08564942758958767 1.508898711332879 0.09808226113742033 1 723.06793 415.1259 1
 0.0851599190028479 1.508916485739487 0.09802327259226966 1 910.9716 467.2681 1
 0.08472777369648825 1.50893924351178 0.09789821924957089 1 1091.7732 494.62134 1
 0.08433981035376177 1.508924231224584 0.09778077997873276 1 1256.3574 508.41425 1
 0.08402817143283393 1.508908040642281 0.09774068095185823 1 1381.8741 533.5795000000001 1
 0.08383810089754039 1.508936063087905 0.09781627965399159 1 1442.6138 590.5549 1
 0.08374570766846164 1.508949477347453 0.0980148749833384 1 1450.6528 667.6879 1
 0.08377577032877676 1.508931886771 0.09826267249987658 1 1404.6874 738.03235 1
 0.08397862220695085 1.508914595297244 0.09844165912414275 1 1297.5945 762.5469399999999 1
 0.0842810933053755 1.508861181893645 0.09858612644549397 1 1154.5809 752.3346 1
 0.08467939641205448 1.508830711645551 0.098695156238919 1 976.8861000000001 720.8529 1
 0.08516229902673869 1.508830418476743 0.09876352196564779 1 775.06555 670.58295 1
 0.0857081666582942 1.508839555971886 0.09881453600359831 1 559.33075 608.7957 1
 0.08627182293714526 1.508841549127121 0.09886524562681324 1 346.54376 544.6103000000001 1
 0.08679339340855372 1.508767983134337 0.09890848555451776 1 154.64206 467.58267 1
 0.08560060904090999 1.508659647647874 0.1004252353828677 1 231.3034 1140.3909 1
 0.0852666747411772 1.510078791000636 0.099374152139681 1 654.0648 1110.1592 1
 0.08595625077201782 1.510104485188509 0.09918064577828876 1 458.40634 956.41437 1
 0.0866717484962171 1.510101135102952 0.09903350341414308 1 260.19623 815.5469399999999 1
 0.08736454404132014 1.510067399572557 0.09891813889055628 1 75.92189999999999 688.2187 1
 0.08815369918818126 1.509931997625278 0.0980607100678763 1 12.907465 360.3986 1
 0.08760366548264745 1.509912836486237 0.09804881405748064 1 160.69585 411.5545 1
 0.08699680994375275 1.509932734071376 0.09800671304815281 1 340.76764 472.40625 1
 0.08635505337166077 1.509969873161008 0.09796431657267091 1 541.13416 544.1316 1
 0.08572169373351707 1.510001934489456 0.09791995781184841 1 747.29266 615.5448 1
 0.08513750781486576 1.510021352968841 0.09784899277565569 1 948.41895 673.35504 1
 0.08461738451403535 1.510025029918278 0.0977589593702622 1 1134.1355 714.36346 1
 0.08419362890681578 1.510032185154634 0.09770545353712394 1 1284.3035 754.20856 1
 0.08388708739243637 1.510040787125683 0.0976614800126193 1 1393.9369 782.1299 1
 0.08369322430222026 1.51002280677579 0.09757248045511036 1 1471.7122 777.9416 1
 0.0836850752206782 1.510007767664742 0.09741998668310388 1 1493.1243 733.6982400000001 1
 0.08386741642414904 1.51001972452517 0.09723151232800009 1 1453.2856 662.9806 1
 0.08416932571522114 1.510026135825712 0.09703205831694343 1 1376.6898 576.21356 1
 0.08454673005362287 1.510026257663023 0.09683702445883934 1 1278.1447 483.9583 1
 0.08503104391587621 1.510056406723702 0.09662164385766897 1 1151.8373 385.34692 1
 0.08561782427527929 1.510079311290799 0.09638620687089469 1 1003.6381 276.30212 1
 0.08627458158592149 1.510133843355219 0.09612834150635789 1 847.9974 168.6803 1
 0.08691516658271888 1.510158667138142 0.09588664587362926 1 705.1815 67.96066999999999 1
 0.08450267385285938 1.510318865035527 0.09433560666818905 1 1538.269 23.564573 1
 0.08420841367020213 1.510309023887052 0.0943560240396063 1 1617.4828 50.905468 1
 0.08408564637198226 1.51028427017654 0.09423943523908175 1 1661.501 35.441193 1
 0.08365235143231321 1.511782079042482 0.09233786395401317 1 1825.6498 39.694916 1
 0.08360636103106911 1.511951585340273 0.09246572914379959 1 1820.8844 91.626755 1
 0.08381860204329179 1.512077687963061 0.09256462915645412 1 1761.2245 112.48113 1
 0.0841769217529839 1.51210467125527 0.09271509236305477 1 1670.5233 115.57809 1
 0.08463987080335249 1.512141075284719 0.09283638757136933 1 1555.7736 104.754616 1
 0.08770398480596507 1.511660152123689 0.09421132863685465 1 743.2993 12.408434 1
 0.08698069832925215 1.511749441698918 0.09434960222282479 1 891.3614 102.1964 1
 0.08631224118851472 1.511815111591722 0.09440411644613579 1 1040.761 173.5971 1
 0.08567554731022885 1.511885950718048 0.09447220518445755 1 1184.7126 248.13908 1
 0.0850724461738767 1.511932456938638 0.09457138490441767 1 1320.8331 323.1314 1
 0.08455810774284327 1.511923027211477 0.09467694652228208 1 1438.7223 384.13574 1
 0.08415561725524212 1.511991096120556 0.09486681295271512 1 1521.1338 466.18842 1
 0.08393276755988684 1.512036662339375 0.09506225819395155 1 1559.4647 531.1801 1
 0.0839593462156967 1.512108037274877 0.09524862675220368 1 1534.346 577.1481 1
 0.08416793582368717 1.512133140868689 0.0954462334371618 1 1462.9579 601.89545 1
 0.08451248171975137 1.512078691487534 0.09564403298223753 1 1357.9652 601.49976 1
 0.08496399447891899 1.512034702021451 0.0958786811283163 1 1219.3693 600.2111 1
 0.08557909499038677 1.51198049756994 0.0959711830148712 1 1050.9481 555.2005 1
 0.08622755363557739 1.511983889469409 0.09613143182567989 1 870.374 525.9073 1
 0.08685608427417808 1.512012433610962 0.0963278524902183 1 692.0744 511.98544 1
 0.08744935445679017 1.511967419491714 0.0964939101704346 1 527.7199000000001 483.17697 1
 0.08797527371589725 1.511959240957419 0.09666018690048919 1 382.8389 466.92014 1
 0.08841142868327621 1.511973430418026 0.0967958290123903 1 266.17044 456.68088 1
 0.08867658111660426 1.511962049242911 0.09695290046543702 1 184.94533 461.25507 1
 0.08871410405791301 1.511917399320716 0.09716713559989375 1 143.84026 491.27295 1
 0.08854127400266654 1.511805558059474 0.0973986021464494 1 142.78197 533.7558 1
 0.08823884662161417 1.51177078183467 0.09757556877568739 1 183.5539 592.42126 1
 0.08779795680977318 1.511749484359722 0.0977131599346153 1 265.82843 661.2116 1
 0.08727693907280169 1.511735069703932 0.09776924024751631 1 384.7158 724.4646 1
 0.08669297644239864 1.511775772674912 0.09778765589299847 1 532.40643 797.0166 1
 0.0860920775553369 1.51181586248073 0.09776000028281939 1 695.9894399999999 861.9787 1
 0.08551402773423918 1.511835811140569 0.09764401046401766 1 869.0481600000001 901.4025 1
 0.08495108953948195 1.511921701164352 0.09755731531846921 1 1036.6799 953.63153 1
 0.08444187216355582 1.511974943049492 0.09747239336657629 1 1187.7565 998.50183 1
 0.08403948035037771 1.512081504681384 0.09746131806937118 1 1299.6554 1054.761 1
 0.08377924780648253 1.512189463724745 0.09761196379763235 1 1353.1401 1133.8627 1
 0.08623468123924802 1.511932487357131 0.09901101030070918 1 480.6238 1165.6312 1
 0.08691714614509265 1.511934133229557 0.09908701170139085 1 286.91483 1101.4183 1
 0.08753452333575461 1.511945968078694 0.09918982023945379 1 114.47263 1052.3441 1
 0.08724359554063078 1.513299972246169 0.09848154669416896 1 357.47827 1106.0712 1
 0.08783602379865366 1.513323682037413 0.09835237920726639 1 242.07951 1020.29333 1
 0.08832334441418414 1.513308635873267 0.09816928092011316 1 160.09546 932.1584 1
 0.08868529244547602 1.513377361979905 0.09803804640982586 1 105.25568 879.99493 1
 0.08886689118546556 1.513431486475208 0.09790099967578067 1 89.15427 842.9511 1
 0.08884934515352472 1.513433972305755 0.09772419773020127 1 116.25161 811.7198 1
 0.08861552466754791 1.513409804983958 0.09757935606929093 1 181.9623 802.742 1
 0.0881778718865638 1.513362448053733 0.09749186939085235 1 282.85828 820.1842 1
 0.08756561306527513 1.513361113938221 0.09742168880071746 1 424.42752 863.8049999999999 1
 0.08683025731801179 1.513415860196703 0.09737015168189202 1 597.66534 931.0155600000001 1
 0.08606183935132597 1.513476054355359 0.09741567011890036 1 772.1128 1022.6413 1
 0.08535724315170745 1.513582511526675 0.09751169706440505 1 930.4934 1125.2651 1
 0.08475626745862341 1.513606946371704 0.09753040528729122 1 1075.1836 1191.5948 1
 0.08360375924363894 1.513630989100887 0.09690804719349773 1 1420.8376 1169.322 1
 0.08404641896603758 1.513510182461658 0.09677339884154725 1 1328.2545 1084.3174 1
 0.08464007197616896 1.513369958238756 0.09658717400517798 1 1204.2306 972.0207 1
 0.08536842489527842 1.513346512423468 0.09641338043290495 1 1046.9492 866.4928 1
 0.08614435860626367 1.513393303015824 0.09621129049450247 1 887.22034 763.45764 1
 0.08688541390662392 1.513478321413586 0.09604277067447486 1 740.0214999999999 679.2763 1
 0.08754145216337308 1.513543171606435 0.09595371291607596 1 609.6998 617.3845 1
 0.08808880567729585 1.513517769135466 0.0958571640959679 1 506.0852 552.5732 1
 0.08852623594987075 1.513509758082052 0.09575819664534632 1 428.66876 500.12704 1
 0.08884271487698639 1.513494550937897 0.09563463753464629 1 380.1199 453.24533 1
 0.08897605445737058 1.513456799142145 0.09549051472457866 1 369.78195 414.4852 1
 0.08890847725073689 1.513407202691758 0.09533552806277863 1 399.33865 387.51758 1
 0.08865827522518745 1.513385438956345 0.09522315824865707 1 460.29 385.40005 1
 0.08823641498231741 1.513356607469694 0.0951366863822649 1 553.87146 397.97055 1
 0.08765287208108742 1.513349234103993 0.09512294943794096 1 674.81934 438.64505 1
 0.0869689917405421 1.513297709355129 0.09509413751305515 1 822.1577 479.16757 1
 0.08623794938420404 1.513255587167043 0.09510983922217832 1 980.35394 533.88196 1
 0.08373554006455031 1.513551014175438 0.09506738135477176 1 1547.572 774.5194 1
 0.08335594330975736 1.513660031664072 0.09499188639030483 1 1635.8573 806.43896 1
 0.08313674874789589 1.513675540151927 0.09477447879276152 1 1700.4926 785.6721 1
 0.08309376459527965 1.513617775127669 0.09449260179348336 1 1732.0986 729.529 1
 0.08327802736435522 1.513588444947144 0.09434102244377132 1 1702.3358 683.27484 1
 0.08364788844541116 1.513526350775319 0.09423260440576207 1 1629.7394 625.9032999999999 1
 0.08416321031885494 1.513500837619743 0.09415516451592715 1 1521.6667 568.2641599999999 1
 0.08478641186191707 1.513515780814433 0.09405213563980609 1 1391.7488 504.4683 1
 0.08548432625167197 1.51350124799455 0.09396366363045255 1 1247.8533 434.71753 1
 0.08621374367513074 1.513433658248803 0.09396374864759222 1 1093.15 370.72574 1
 0.08694575018906409 1.513393417267744 0.09385923252235852 1 950.0612 295.58066 1
 0.0876289726993781 1.513425023007042 0.09376284541468424 1 820.73236 238.34944 1
 0.08822195690111145 1.513516624282722 0.09363223496095958 1 718.1137 193.45595 1
 0.08866151942289667 1.513546567312045 0.09350063929857425 1 648.07294 151.00581 1
 0.08890986387442801 1.513582643792363 0.09333772590880535 1 618.647 118.40725 1
 0.0889455566447413 1.513557066691582 0.09317839198049499 1 627.59937 90.966965 1
 0.08880979291244231 1.513539410378032 0.0929775500931789 1 672.1286 69.64014 1
 0.08851880344910729 1.513519689241049 0.09277141446235872 1 745.62256 56.827793 1
 0.08806694797839451 1.513508024972995 0.09270063883099972 1 836.95593 73.209564 1
 0.08748193445792121 1.513478093721701 0.09267554404340568 1 950.9607 101.26677 1
 0.08681690739416055 1.513496571101627 0.09269946954043973 1 1079.0222 149.88803 1
 0.08611919727023633 1.513527431607264 0.09273947683505573 1 1215.0204 206.22527 1
 0.08542149958287572 1.513533968985469 0.09277417313308975 1 1354.4492 259.66092 1
 0.08477918957322049 1.513585806167198 0.09286528246574265 1 1479.3645 325.69083 1
 0.08420336360262907 1.513636445975266 0.09289152011648343 1 1596.0515 377.91565 1
 0.0837156322757794 1.513701584041077 0.09280074637100164 1 1701.1006 407.8335 1
 0.08336772856687105 1.513768964001553 0.09264166977327802 1 1779.8643 417.52603 1
 0.08320298093443657 1.513822383002032 0.09245266959202189 1 1821.8507 407.47052 1
 0.08326916036322855 1.513775951465565 0.09226407582191737 1 1820.6299 367.63568 1
 0.08355494284482404 1.513666005379522 0.09210810198600504 1 1776.1613 308.87894 1
 0.08400874527914633 1.513565651299011 0.09194247172527877 1 1696.894 239.16234 1
 0.08463818066811694 1.513522389870843 0.09181449347506242 1 1579.2609 172.66486 1
 0.08538884242909749 1.513543246028381 0.09170949181893852 1 1436.1893 112.61669 1
 0.08616702602686918 1.513591062676673 0.0915855290608841 1 1292.1335 54.39426 1
 0.08742075869428066 1.514512569753977 0.09103017107703885 1 1091.7756 43.066143 1
 0.08807503492817115 1.51444977812072 0.09111066664191518 1 971.52075 7.666875 1
 0.08903417513560122 1.514441893937114 0.09150639663635239 1 774.9579 2.286965 1
 0.08862784631651317 1.514456956877982 0.09160421271877553 1 836.08527 37.10508 1
 0.08804482149933202 1.514411357741706 0.09164854196974997 1 933.8284 68.60322600000001 1
 0.08735683453286193 1.514446176205555 0.09173443731299717 1 1049.69 123.99251 1
 0.08660875730607175 1.514486023526255 0.09180286409971848 1 1180.6145 183.05595 1
 0.08585388310667566 1.514559476568395 0.09191899885307596 1 1311.4537 255.01782 1
 0.08510875884607622 1.514514163772054 0.0919735088818269 1 1449.608 303.86865 1
 0.08437746940425794 1.514642204330424 0.09204537367996321 1 1581.4283 378.41284 1
 0.08372086436623274 1.514668431175179 0.09215784181738371 1 1700.2976 441.29697 1
 0.08322450517339712 1.514689289161444 0.09232199147788737 1 1786.8273 501.7677 1
 0.08293492548865088 1.514698999026157 0.09253835610849463 1 1831.2523 555.5452 1
 0.0828724327766945 1.514704603826869 0.09274540201233629 1 1832.3063 592.53394 1
 0.08288153911005133 1.514700129672313 0.09275315278095177 1 1830.2877 592.4593 1
 0.08303442835552423 1.51429392498474 0.09285759634676537 1 1812.4734 546.0958000000001 1
 0.08313644875601364 1.51457806745084 0.09322422778546094 1 1758.5096 633.9722 1
 0.0833653100406533 1.514570132132131 0.0931119832613822 1 1719.2441 598.4547 1
 0.08377055823839541 1.514567925511913 0.09310474723266775 1 1638.1241 568.26776 1
 0.08423544797281386 1.514564915623674 0.09307804248863855 1 1546.7853 531.10864 1
 0.0847822080334824 1.514582035662032 0.09311190693501865 1 1434.8712 500.3008 1
 0.08538892997495917 1.514561013477902 0.09317383193698733 1 1310.6761 464.7993 1
 0.08601215951634227 1.514518206172373 0.09319400680329123 1 1187.1913 419.22 1
 0.08663344153905259 1.514463216236217 0.09326331065560743 1 1061.4196 379.95786 1
 0.08724211059541789 1.514473295481698 0.09336810330635016 1 935.83563 355.82956 1
 0.08780054657315238 1.514447355785397 0.09342472476224034 1 825.4345 323.60846 1
 0.08829663243799225 1.514425083710086 0.09350477840226341 1 726.05444 299.74966 1
 0.08869910926515827 1.514405554204103 0.09362859704898201 1 640.58905 288.67218 1
 0.08894846548214123 1.514369956754864 0.09375879630428403 1 582.3268 286.06683 1
 0.08896717766778499 1.514352597825581 0.09397837749516122 1 556.8139 313.36365 1
 0.08875133561463142 1.514303981186547 0.09418079368656429 1 574.89014 349.92804 1
 0.0883614053074936 1.514278191538601 0.09433921147980859 1 630.95197 396.10156 1
 0.08786414099669874 1.514237290084772 0.09446195060418383 1 712.9818 443.81818 1
 0.08727053894597608 1.514274150306101 0.09465792622338176 1 810.4906 522.1984 1
 0.08664085620203162 1.514253382127903 0.09472519544262409 1 930.9353599999999 577.2089 1
 0.08596716857972302 1.514321960496401 0.09488368641648434 1 1055.3694 664.0936 1
 0.0853002318103326 1.514396415548124 0.0950036314262746 1 1184.5161 746.2753 1
 0.08466415080948377 1.514437103505751 0.09510308371524671 1 1311.5038 818.7975 1
 0.08409748886071854 1.514431255667527 0.09520236478230536 1 1426.5598 881.4166 1
 0.08361865254745769 1.514440398181618 0.09538343818593506 1 1517.2798 954.6543 1
 0.08326834785395383 1.514470258413058 0.09555587437503617 1 1581.107 1019.1914 1
 0.08307232775583404 1.514573096483368 0.09572410525315801 1 1608.2727 1080.067 1
 0.0830717369389386 1.514604063549785 0.09594253054631659 1 1590.2571 1125.8936 1
 0.08327397788731637 1.514582255259283 0.09609485333946559 1 1533.5526 1136.0911 1
 0.08366684467496127 1.514473132049111 0.09616867121144392 1 1442.7316 1105.6355 1
 0.08642164864151849 1.514286340128534 0.09662424105194882 1 787.27 932.384 1
 0.08715642869994006 1.514253961092939 0.09657102842740223 1 635.8416 854.56067 1
 0.08781318567730249 1.514200143142366 0.09661096213906997 1 493.97195 798.8633 1
 0.08834504916575091 1.514228836387633 0.09678514373225147 1 367.7675 788.33307 1
 0.08875384265457983 1.514273685007982 0.09698342610115117 1 266.1178 794.10535 1
 0.08902241155004233 1.514267800773777 0.09711430732563237 1 198.36661 793.58844 1
 0.08907707376616926 1.514282106372634 0.09728346810304317 1 168.08972 820.51135 1
 0.08893669838588081 1.514293982753403 0.09743985672813135 1 176.56511 861.9207 1
 0.08863263990572538 1.514312882252504 0.09756968681695255 1 220.8759 914.4526 1
 0.08819896820377478 1.514252056438474 0.09768323202069289 1 291.23868 967.48157 1
 0.08761468184898523 1.514256843866915 0.09785455354077634 1 391.5168 1055.2544 1
 0.08696699121701233 1.514233404280508 0.09795193066956821 1 517.9617 1133.7856 1
 0.08864284968009288 1.510444201245613 0.09664627005762305 1 163.74011 126.779015 1
 0.0884796807847337 1.510407910784021 0.09771959282988583 1 23.926676 350.4882 1
 0.08816998264217936 1.510709599414215 0.09772977483604307 1 116.63051 442.1447 1
 0.08815824747560883 1.510739141728451 0.0968636490763701 1 259.99902 269.20804 1
 0.08805861501424397 1.511551447478211 0.09453440463643298 1 625.65826 18.243145 1
 0.0880067350944813 1.511525491917742 0.09554878008652494 1 510.26334 185.41075 1
 0.08802126753983366 1.512700961567674 0.09927490182111222 1 34.8698 1118.4937 1
 0.08804683683800896 1.51271658925404 0.09827795571672145 1 174.53839 902.4803000000001 1
 0.08807457556673998 1.512751299411678 0.09726603221319628 1 309.4489 699.98206 1
 0.08811499673793094 1.512763858694009 0.09617914435360062 1 441.12445 495.5078 1
 0.08815220522129198 1.512767866895513 0.09509512393708204 1 563.1563 307.92404 1
 0.08817877333853878 1.512731331356343 0.09401366471734894 1 677.3976 131.29079 1
 0.088207468038242 1.51281076043525 0.09301394134245271 1 774.8291 1.781168 1
 0.08815815383865161 1.514050491871119 0.0919965604932912 1 884.1262 55.102287 1
 0.08816938826049357 1.514061889992391 0.09281694190318771 1 809.8152 162.87128 1
 0.0881609166464489 1.513964872989291 0.09365748786608488 1 731.9134 266.26874 1
 0.08814916242055058 1.513882511950995 0.0945780703686931 1 640.72034 392.39865 1
 0.08812852346919574 1.513852326173334 0.09550867824459035 1 544.87476 538.2076 1
 0.08810212455469285 1.513869264882423 0.09647739417749317 1 441.0107 708.003 1
 0.08806995027740644 1.513911049738722 0.09743206219350888 1 334.95935 890.441 1
 0.08805657751879546 1.513926415398552 0.0983697205659346 1 220.59084 1074.9336 1
 0.08678748855692392 1.508421043765153 0.09929056695708416 1 39.926785 493.17456 1
 0.08680520720265228 1.508393688683635 0.09835238332341653 1 244.98271 211.46155 1
 0.08653306946723927 1.509148728344881 0.09681757688104932 1 655.03296 62.35312 1
 0.08648703581350248 1.509081394327624 0.09799281036376019 1 459.50092 333.89832 1
 0.08643181638533913 1.509022568773704 0.09915541677130615 1 240.93712 654.03687 1
 0.08637640524583975 1.508985086488955 0.1003008522219155 1 5.2196655 1021.83984 1
 0.08640231427356689 1.509915769092525 0.09961067197172783 1 221.16628 984.27185 1
 0.08646356097500031 1.509936708292115 0.09861288859752786 1 392.09512 695.06445 1
 0.0865254458292944 1.509990999890489 0.0976463394994125 1 543.2855 450.38464 1
 0.08657223646508727 1.509961242007997 0.09670749952161552 1 677.71857 224.41734 1
 0.08660461487370678 1.509896225902419 0.09578681431067 1 800.27356 18.398302 1
 0.08646710412604364 1.510768502800883 0.09479524100422286 1 964.1968000000001 32.211624 1
 0.08649270060189426 1.510836289578083 0.09602802193625636 1 807.0005 272.82324 1
 0.08652237065415332 1.510898381331131 0.09729663416321825 1 624.7103 551.2978000000001 1
 0.08655656731915859 1.510951837255349 0.09858552184593428 1 416.5533 867.0911 1
 0.08658316288553503 1.510912937513884 0.0998741541647019 1 189.74217 1196.1866 1
 0.08646805160480846 1.511815838113813 0.09860093908469175 1 474.26865 1019.7536 1
 0.08642534001909438 1.511816823104433 0.09739740789439622 1 658.8488 741.53955 1
 0.08637994220801974 1.511784385639797 0.09625233835093426 1 816.2671 502.39633 1
 0.08636294962925242 1.511731527496044 0.09520577270004127 1 942.85925 294.7523 1
 0.08636837051597217 1.511728633537692 0.09422734966453855 1 1045.9271 124.76912 1
 0.08605682893806517 1.512670771983262 0.09277790404034633 1 1237.1827 83.486496 1
 0.0861476543016343 1.512593489266326 0.09383136332625865 1 1127.0312 224.38835 1
 0.08625007329647449 1.512571101628655 0.09498774767519828 1 991.509 406.59918 1
 0.0863499696171332 1.512596053660423 0.09621847175586201 1 833.8742 630.3546 1
 0.0864248617301636 1.512552569728286 0.09754100981351031 1 653.6646 888.8586 1
 0.08647608286020517 1.512526069017781 0.09891428714657285 1 454.06512 1190.5286 1
 0.08631279445059059 1.513278655123949 0.09767667741904548 1 678.1639 1027.7356 1
 0.08630755689067596 1.513312125341966 0.09650433463933969 1 816.86743 794.30725 1
 0.08629747596464864 1.513374517997855 0.09536200687937325 1 940.8219 591.5145 1
 0.0859002927256826 1.514562869141266 0.0912644029072594 1 1347.427 166.48476 1
 0.08595933027300985 1.514534688096217 0.09200174880097983 1 1286.2411 256.2216 1
 0.08601059808738246 1.514484705821699 0.09285573777357593 1 1214.1122 365.60745 1
 0.08605213811383162 1.514441926491274 0.09378958897476559 1 1131.8364 496.64716 1
 0.08607707458617682 1.514399487165177 0.09480603362527651 1 1038.8378 652.7775 1
 0.08609375282436682 1.514345224229937 0.09588027990186053 1 934.16943 830.7045000000001 1
 0.0861080368045905 1.514326172266389 0.09701527998366284 1 814.4594 1040.2837 1
 0.08441297987885293 1.508453189036351 0.09995615437145158 1 839.3471 1136.5251 1
 0.08446577814098205 1.50851485570081 0.09895998740912161 1 1017.5324 766.65405 1
 0.08449401389393593 1.508553491779729 0.09793383068875806 1 1183.0343 438.82846 1
 0.08453932524148799 1.508691914181681 0.09691785913790031 1 1310.7603 187.65628 1
 0.08456707882257182 1.509846143305072 0.09505348778798692 1 1472.5299 50.245453 1
 0.08466821726406153 1.509809303164921 0.09630220513455781 1 1309.2938 295.6416 1
 0.08475862458374471 1.509737080383255 0.09760685936521861 1 1112.1636 595.7222 1
 0.08487480313254656 1.509770452218954 0.09894559419632866 1 861.0463 977.235 1
 0.08502805640845387 1.510502708897668 0.09884138353910266 1 832.3178 1057.6592 1
 0.08503070396117396 1.510519895074157 0.09759451258417282 1 1017.02295 718.35803 1
 0.08499988587175797 1.51049162785341 0.09636010590267163 1 1185.635 419.36658 1
 0.08495965023418234 1.510475273515727 0.09520089234585458 1 1325.6525 177.18958 1
 0.08450601975414852 1.511675868549703 0.09259725603228171 1 1617.2119 0.75405544 1
 0.08464341730683309 1.511639802666203 0.09375360602205975 1 1502.8192 165.0129 1
 0.08489118426669366 1.512403672273291 0.09767509305337702 1 1034.1722 1059.4382 1
 0.08484230557225102 1.512385320921415 0.09643119959658478 1 1186.8799 782.85254 1
 0.08478764841607016 1.512358501525105 0.09528765295089837 1 1314.6101 551.5502300000001 1
 0.08475516536280631 1.512312249916296 0.09422893738071421 1 1416.8909 352.47888 1
 0.08473076592655825 1.512245236132616 0.09322864657591519 1 1503.1537 176.87549 1
 0.08468224710788942 1.512225168169777 0.0923515558943748 1 1576.7312 43.215183 1
 0.08391065135552818 1.513229375961515 0.0906942772767679 1 1796.9458 27.998222 1
 0.08391572702274776 1.513369205652814 0.09127370836640156 1 1760.1544 122.2378 1
 0.08399073835218276 1.513392961049044 0.09206951817803925 1 1699.4241 233.62761 1
 0.0841363269876602 1.513428572361224 0.09309681832320325 1 1603.7417 385.06754 1
 0.08428345881698834 1.513379642780822 0.09423035722478842 1 1492.9161 554.8087 1
 0.08440176733320968 1.513255765589729 0.09542636256739506 1 1372.0541 746.18994 1
 0.08449567161294066 1.513130269770965 0.09678099828347636 1 1224.9045 995.56396 1
 0.08446598747968061 1.514404235100559 0.09679914599149314 1 1206.3342 1154.8668 1
 0.08436457187676939 1.514424493797159 0.0957024029640525 1 1326.9387 951.8187 1
 0.08424986615741788 1.514428719921838 0.0946624770768514 1 1435.5216 773.5325 1
 0.08414388983406457 1.514434678651926 0.09369278147338155 1 1528.318 619.0871 1
 0.08403756398127171 1.514488184448179 0.09280491357317767 1 1606.0833 493.13885 1
 0.08392919911689044 1.514518617885978 0.09203921610703508 1 1672.0729 390.899 1
 0.08382544132517926 1.514523350846235 0.0913608324576968 1 1729.318 302.80594 1
 0.08373857495538803 1.514499932593147 0.09078852059870032 1 1776.8575 229.06934 1
 0.08691805925821564 1.510242433629378 0.09987071816030725 1 36.742283 1043.7034 1
 0.0854191183958191 1.510080696110203 0.09929545560474014 1 614.73346 1064.015 1
 0.08613645831731591 1.51304867089014 0.09850964301329608 1 609.1091300000001 1197.1068 1
 0.08701805633479806 1.513067718943964 0.09842770588385076 1 408.26227 1089.376 1
 0.08777683053088903 1.512594765084462 0.09828185803848193 1 229.56703 914.1271 1
 0.08812648136349441 1.511675125016837 0.09809880873218395 1 124.81722 698.027 1
 0.08811195514906055 1.510763561135027 0.0979779353867631 1 92.88775 512.40436 1
 0.08802755182222419 1.509956837842083 0.09823615631277113 1 14.817888 419.228 1
 0.08821254004144212 1.508886742585684 0.09758642281997934 1 14.953836 7.025738 1
 0.08790794024274759 1.509476271086101 0.09723525441465436 1 198.95987 99.801025 1
 0.08777845086119632 1.510183744139051 0.09750586721364755 1 224.44687 326.6052 1
 0.08789099344918289 1.510689978372683 0.09842645380312745 1 67.178 624.8699 1
 0.08822649240612482 1.514218077295141 0.09861018020593451 1 168.98207 1138.8175 1
 0.08772977582702739 1.514229913806705 0.09811040601960819 1 335.24213 1090.8618 1
 0.08715644747812779 1.514271256185736 0.0983452964160295 1 429.74542 1195.498 1
 0.08442357113713095 1.513305105272971 0.09754359081143019 1 1160.7374 1191.5165 1
 0.08467097621253115 1.512501958863779 0.09739430618213209 1 1125.132 1029.5983 1
 0.084950682725573 1.512002656524069 0.0977839629597746 1 1007.1799 1022.2299 1
 0.08521032000879684 1.511659978327886 0.09871721913487604 1 807.1603 1178.4867 1
 0.08523999538337747 1.509467063539957 0.09955118793711512 1 610.0044 1057.6405 1
 0.08520334913820017 1.509876229132032 0.09827261020877208 1 858.78143 752.5334 1
 0.08502911882316103 1.510179104604361 0.09705183200423267 1 1094.5052 514.14215 1
 0.08481962340309354 1.510052067430398 0.09605947608183299 1 1284.7294 279.27103 1
 0.0847451202075966 1.509643025556007 0.0955860127345598 1 1372.1179 94.25812500000001 1
 0.08490010508586168 1.508787071510566 0.09617713336121642 1 1275.9159 0.28850394 1
 0.0849222574205529 1.508523163173198 0.09681910963164249 1 1190.7273 71.96821 1
 0.0849731479231573 1.508418108996287 0.0976607176253397 1 1043.265 257.63028 1
 0.08503609080487665 1.508346111960888 0.09870277205330803 1 828.85315 545.17633 1
 0.08499595804986144 1.508173304782301 0.09982454255936249 1 598.473 907.1408 1
 0.08721576763301332 1.508779932908699 0.09877175325271774 1 48.719604 377.66653 1
 0.087614637939538 1.508674931875358 0.09787313448240202 1 111.04265 74.23523 1
 0.0857618388965017 1.509927981191456 0.09534740516341939 1 1093.5287 15.437855 1
 0.08541688890184337 1.510322407538066 0.09587156364036567 1 1124.7764 237.47667 1
 0.0852765129042629 1.510544040416718 0.09688970251263894 1 1036.4553 522.1621 1
 0.08533231900889141 1.510538235785688 0.09810136849080699 1 850.15826 816.68823 1
 0.08562775507877433 1.510357853419417 0.09889423061142313 1 624.5794 965.3833 1
 0.08614769281474302 1.51016174385789 0.09922430735950639 1 391.41644 952.76654 1
 0.08666314804948673 1.51011290871468 0.09898860276614337 1 271.65457 806.5389 1
 0.08701072164356315 1.510259819393275 0.09829619549639569 1 302.25626 610.4443 1
 0.08709617413221038 1.510540615333283 0.09745869400565649 1 431.40332 458.26224 1
 0.08683425521272223 1.51088842370126 0.09676474419048141 1 617.1037 401.47424 1
 0.0863956319950132 1.511300686665812 0.09648499108393307 1 778.1286 462.37357 1
 0.08617235839301984 1.511778833695161 0.09695515409502027 1 781.0586499999999 667.5253 1
 0.08612410776810045 1.512196860400573 0.09808483887051529 1 650.7584000000001 991.7080999999999 1
 0.08457162774442305 1.513696807409923 0.09738954075183541 1 1134.3319 1189.0245 1
 0.0848882603716853 1.513478792840094 0.09635723024613685 1 1165.4087 916.1451 1
 0.0850688452354233 1.513263379353884 0.09528037390460151 1 1228.943 662.6601000000001 1
 0.08495345621640744 1.513132931188568 0.09436217699787382 1 1338.4276 488.42218 1
 0.08459413131415769 1.513287186259667 0.09383332787139342 1 1456.7745 449.34393 1
 0.08416906669821252 1.513581775895274 0.0938579245385158 1 1538.9806 528.5905 1
 0.08380994118215736 1.513866167741039 0.09427641939446278 1 1577.5184 667.2831 1
 0.08352207735594497 1.514184138856493 0.09490917983831103 1 1583.327 843.273 1
 0.08340043417689123 1.514316252955114 0.09578274018440935 1 1539.0132 1035.7576 1
 0.08555690016164937 1.513178065224496 0.09732642294297759 1 901.9295 1015.47925 1
 0.08585513437688039 1.512985656878384 0.09608596376612971 1 967.3914 707.29315 1
 0.08578546212909043 1.51292065067234 0.09473310576195083 1 1120.5251 454.051 1
 0.08543954890098493 1.512871292421883 0.09361186877112584 1 1298.174 285.94473 1
 0.08500838653573052 1.512863438718232 0.09309077666488609 1 1433.9692 234.47171 1
 0.0847195032793764 1.513089943115659 0.09330793996712976 1 1474.3352 324.81543 1
 0.08481710694928495 1.513265634730736 0.09426443141766735 1 1374.0289 501.76614 1
 0.08506459497245589 1.513176541515769 0.09562197618035605 1 1199.3862 714.7394399999999 1
 0.08529788288353525 1.512834808038275 0.09696925985816572 1 1008.36664 916.5396 1
 0.08661146337934501 1.511521146508494 0.09521258823186803 1 881.0339 237.2595 1
 0.08662363427324676 1.511525714951216 0.09408508186549724 1 1001.7235 45.573654 1
 0.08707783417044625 1.509779359486768 0.09609346889158914 1 623.6215999999999 10.730313 1
 0.0870675485205272 1.509772304921547 0.09747611517155549 1 405.16162 304.05792 1
 0.08708028016817271 1.509641187959079 0.09868138706422684 1 173.28758 572.63586 1
 0.08585134624400603 1.50841240332879 0.09842450052416281 1 568.74274 359.4982 1
 0.08545669163817743 1.508275308437839 0.09887702739607993 1 621.5938 518.21576 1
 0.08500980683987673 1.508150253069378 0.09856906161470819 1 864.55414 449.86682 1
 0.08464170911730237 1.508085494988136 0.09792411310890162 1 1135.5485 282.80667 1
 0.08439998471981344 1.508200245976516 0.0970065823427449 1 1368.1785 90.86039 1
 0.08545211000635612 1.510989079356048 0.09409570226569733 1 1291.1144 36.995724 1
 0.08476070501425674 1.511411528218052 0.09369954146934166 1 1485.8943 105.105354 1
 0.0841900757043456 1.51177383851824 0.09308376426361224 1 1655.1492 113.805405 1
 0.08412501661184947 1.5117660847096 0.09263941873567164 1 1700.1222 47.882366 1
 0.08676839362405615 1.511434342379901 0.09437892447016651 1 936.7193 65.38975000000001 1
 0.0870649710764546 1.511043636552405 0.09509212872353907 1 781.53174 89.55244399999999 1
 0.08729450387306807 1.510698305305782 0.09507905987435084 1 723.10925 3.8153079 1
 0.0837095236169525 1.51352862651246 0.09117167281770192 1 1800.0084 144.66716 1
 0.08427619686168131 1.513646572430204 0.09221048327969353 1 1623.4009 271.46 1
 0.08465568807190813 1.513783846384412 0.09343462380046089 1 1458.7744 451.3041 1
 0.0833899796137392 1.514201029093106 0.09638388180057259 1 1497.7102 1142.3519 1
 0.08339568605419273 1.51417113031642 0.09524606289521835 1 1587.3435 914.2954 1
 0.08343228392059052 1.514100510945199 0.09403052040965217 1 1666.7942 684.7265599999999 1
 0.08358678951025858 1.514062514371732 0.09298231272933022 1 1702.0723 495.43466 1
 0.08399879710930895 1.514052452675351 0.09219759976741318 1 1665.9034 345.82013 1
 0.08461420923670494 1.514039460334798 0.09162762803543137 1 1579.46 222.31157 1
 0.0853141097305533 1.513954924773874 0.09119316327684661 1 1474.4364 107.25429 1
 0.08599781799788647 1.513754290397414 0.09088789336856143 1 1370.9248 1.5063304 1
 0.08734915760772861 1.513515111789249 0.09239779441319045 1 1000.4825 77.3993 1
 0.0873532704219061 1.513608944744345 0.09353268918926552 1 898.2409699999999 250.44101 1
 0.08692903603246326 1.513855383690001 0.09412349377815753 1 928.5024 404.89322 1
 0.08608555695405269 1.514093058632812 0.094072535393576 1 1104.4343 491.20938 1
 0.08524557482984446 1.514198457419868 0.094123633878542 1 1272.8602 575.94275 1
 0.08468604071778336 1.514197891414214 0.09466208035142747 1 1348.0452 709.7503 1
 0.08452809380639946 1.514298669956531 0.09582671336585546 1 1282.7194 946.22266 1
 0.08464694313635862 1.514297932543972 0.09712650424817776 1 1135.2029 1192.5387 1
 0.086344042613429 1.513698421709444 0.09768009925084419 1 678.19543 1077.1603 1
 0.08682784990354804 1.513561703196423 0.09672456505609062 1 677.2542999999999 823.14813 1
 0.08700956762621151 1.513470704883569 0.09535907358349638 1 786.5237 546.961 1
 0.08698560339376013 1.513475560303555 0.09393892907086684 1 934.077 317.04987 1
 0.08681675998400629 1.513508669316835 0.09261372998940637 1 1085.9424 139.58415 1
 0.08728973796866318 1.510793645090222 0.09576258791750475 1 635.6911 144.58781 1
 0.08721514166699265 1.510733283780749 0.09760028670277276 1 384.43835 515.89 1
 0.08694692209548369 1.510697785860688 0.09923997719809206 1 180.04395 943.76294 1
 0.08665833680395592 1.512971645354136 0.09808346631234265 1 536.4877300000001 1040.0731 1
 0.08675028479771328 1.512951624338414 0.09708137801600326 1 641.34845 817.1501500000001 1
 0.08686231475642381 1.512917629293001 0.09606512863759757 1 735.6305 604.3163500000001 1
 0.08699066048805425 1.512815574814478 0.09516162179642898 1 806.4758 415.75714 1
 0.08711988185792612 1.5127008140227 0.09450463623768009 1 847.4314000000001 277.57147 1
 0.08723912168712968 1.512563408896 0.09420386247678271 1 852.2302 198.41727 1
 0.08739604605751207 1.512560684783642 0.0943851811054703 1 799.4408 215.15404 1
 0.08750680297194378 1.512465925566494 0.09493268088612007 1 714.4884 280.77255 1
 0.08766978740384306 1.512293924887108 0.0992562740279183 1 93.5224 1101.4197 1


