# Created by Octave 4.0.0, Thu May 23 15:02:44 2024 PDT <caveman@RiffellCave1>
# name: corresp
# type: matrix
# rows: 589
# columns: 7
 0.08435163236365707 1.511440667837741 0.1069556980504867 1 791.1192600000001 4.371258 1
 0.08499257189830119 1.508162379664646 0.1008511701225066 1 1173.7367 144.67279 1
 0.08632543261692473 1.508140817496777 0.1006447306063036 1 1560.1482 155.32841 1
 0.08703679186180832 1.508182470646122 0.1005491735282711 1 1750.2638 172.13425 1
 0.08709276875730414 1.508137906567776 0.1000759112116136 1 1820.7339 244.07977 1
 0.08644762942332357 1.508113034964977 0.09996446647217752 1 1664.9409 269.6028 1
 0.08575651580013087 1.508126067779482 0.09986767915293494 1 1478.2434 305.42352 1
 0.08512505461198176 1.508193908561027 0.09977170305979055 1 1293.5007 356.44296 1
 0.08453950417292788 1.508275405032522 0.09967327028419821 1 1113.9319 412.93744 1
 0.08401687071847259 1.508232861266142 0.0995157183075899 1 953.0986 452.8153 1
 0.08356678984979161 1.508153793453955 0.09935179252587929 1 807.57983 484.61957 1
 0.08328533982198325 1.508099956637631 0.09918688575413598 1 715.2779 520.7076 1
 0.08326480241447877 1.508138692951246 0.09902107551662334 1 714.3022999999999 573.4115 1
 0.08362392619903518 1.508277507771816 0.09881650765487816 1 853.12024 649.162 1
 0.08405289784905456 1.508345333127531 0.09867953980565836 1 1014.16296 686.94073 1
 0.0845667747943013 1.508333168166104 0.09858518012827673 1 1203.0029 690.079 1
 0.08517103926607203 1.508259817166577 0.09851649052808563 1 1420.756 667.4026 1
 0.08591132887964402 1.5082964931803 0.09845275851390635 1 1667.0183 664.3152 1
 0.08665849886478239 1.508323557646742 0.09835264072617193 1 1902.7583 667.1854 1
 0.08575338634128286 1.508246559114863 0.09743091815908679 1 1746.8522 945.9155 1
 0.08516954260796612 1.508282152970859 0.09740928768685352 1 1539.2234 994.2212 1
 0.08458187574146671 1.508241994754236 0.09742799113659009 1 1317.9552 1011.95386 1
 0.084070945794516 1.508183684366341 0.09742462645841951 1 1117.527 1027.1044 1
 0.08373178566944496 1.508139990147471 0.0973147310824881 1 986.52313 1070.4976 1
 0.08356840824469444 1.508194994092805 0.09721903159225384 1 924.00854 1127.926 1
 0.08369141423604404 1.50819358320886 0.09699069480903584 1 992.0297 1197.8202 1
 0.08669553454242586 1.508893212380273 0.09806578298115595 1 1893.8795 860.9386 1
 0.08616991084105913 1.508901892892486 0.09810616116595726 1 1736.5245 876.6688 1
 0.08564942758958767 1.508898711332879 0.09808226113742033 1 1580.0728 906.4729599999999 1
 0.0851599190028479 1.508916485739487 0.09802327259226966 1 1427.0825 949.2857 1
 0.08472777369648825 1.50893924351178 0.09789821924957089 1 1291.6833 1010.09467 1
 0.08433981035376177 1.508924231224584 0.09778077997873276 1 1166.2317 1060.5919 1
 0.08402817143283393 1.508908040642281 0.09774068095185823 1 1057.5762 1084.9716 1
 0.08383810089754039 1.508936063087905 0.09781627965399159 1 982.6554 1075.4181 1
 0.08374570766846164 1.508949477347453 0.0980148749833384 1 937.34174 1022.8014 1
 0.08377577032877676 1.508931886771 0.09826267249987658 1 934.2355 946.28595 1
 0.08397862220695085 1.508914595297244 0.09844165912414275 1 994.5255 883.99414 1
 0.0842810933053755 1.508861181893645 0.09858612644549397 1 1089.4564 821.61884 1
 0.08467939641205448 1.508830711645551 0.098695156238919 1 1214.9563 771.1557 1
 0.08516229902673869 1.508830418476743 0.09876352196564779 1 1364.6285 735.54584 1
 0.0857081666582942 1.508839555971886 0.09881453600359831 1 1527.3815 704.91455 1
 0.08627182293714526 1.508841549127121 0.09886524562681324 1 1686.4312 673.15094 1
 0.08679339340855372 1.508767983134337 0.09890848555451776 1 1831.2516 629.6455999999999 1
 0.08756089722735783 1.508596825378045 0.100030308672948 1 1907.4897 346.54553 1
 0.08709813212561827 1.508624806440791 0.1001563789627222 1 1779.9249 337.81586 1
 0.08661019375011877 1.508655303537563 0.1002535045689324 1 1645.2996 335.80566 1
 0.08560060904090999 1.508659647647874 0.1004252353828677 1 1361.3574 325.04565 1
 0.08513761989871609 1.508667126528868 0.1004640359084649 1 1228.6345 329.8893 1
 0.08470562934734119 1.508636574748268 0.1004598744999031 1 1105.9803 333.81906 1
 0.08430302454262142 1.508622347715928 0.1004630405193682 1 988.60065 339.6885 1
 0.08393027868247692 1.508583257533215 0.100501045252667 1 876.5999 332.37076 1
 0.08363213470258496 1.508521901104552 0.1006048512950481 1 783.8738 305.0558 1
 0.08484907442971751 1.508674123440821 0.1011616190142136 1 1103.7463 212.20457 1
 0.08535533904467632 1.508698367508105 0.1011676368202236 1 1238.6722 208.47452 1
 0.08590131558701591 1.508665079690384 0.1011399745566422 1 1383.8551 196.46848 1
 0.08646477336835816 1.508618448094354 0.1011189718822017 1 1529.3584 181.30194 1
 0.08699753084971541 1.508552627634899 0.1011147508104319 1 1661.918 160.94388 1
 0.08748324495481988 1.50848440043769 0.1011311180568492 1 1776.9305 138.8042 1
 0.08481782777458804 1.509810880194242 0.1044090764960738 1 942.3119 0.7349627 1
 0.08428911074809867 1.509827170314386 0.1043061757899782 1 837.6606 17.866394 1
 0.08387231266001235 1.509910289556956 0.1042031244250896 1 753.6673 50.00295 1
 0.08360966966208815 1.510004353922438 0.1040871792947731 1 701.5207 83.80822999999999 1
 0.08357711170535849 1.510066287103257 0.1039455351160602 1 697.60803 111.851616 1
 0.08372846756520928 1.510088855511893 0.1038138953248673 1 732.36566 129.4944 1
 0.08402000631560823 1.510070176289473 0.1036902448237371 1 797.16986 136.79616 1
 0.08441928045643804 1.510019226963696 0.1036032994591295 1 884.7246 132.85071 1
 0.08496087177410967 1.509949388666845 0.1035058464323168 1 1004.2464 124.771 1
 0.08556190994700857 1.509882501386556 0.1034732233675533 1 1133.6998 108.95112 1
 0.08622830173330209 1.509871904250404 0.1034535294769063 1 1273.1086 101.26654 1
 0.08689183239172464 1.509874194331682 0.1034220966762165 1 1408.6658 98.54205 1
 0.08748645973192166 1.509864602161808 0.1034185998880368 1 1525.135 91.89545 1
 0.08799851672181183 1.509813561646467 0.1033914394150192 1 1625.5216 82.56650999999999 1
 0.08808673053743946 1.50963719914241 0.1027847701399772 1 1695.7795 125.18895 1
 0.08750539697898502 1.50955588195718 0.1027553743357957 1 1587.7422 119.57349 1
 0.0868455988520322 1.509532402853421 0.1027362862759798 1 1454.8312 124.24575 1
 0.08618615331916317 1.509584443478813 0.1026924028671153 1 1315.3773 147.22745 1
 0.085554822722504 1.509650521273219 0.1026183671619565 1 1178.6166 178.04599 1
 0.08498785323348046 1.509779442590207 0.1025660772999398 1 1050.5669 217.78262 1
 0.08449806357234799 1.509883484353794 0.1025268451687238 1 938.62976 250.99965 1
 0.0840771082885565 1.509916781983446 0.1025073777107179 1 841.7800999999999 267.79645 1
 0.08381862813275262 1.509960730949242 0.1024831864109749 1 782.1881 283.93204 1
 0.0838765009774214 1.510002656170992 0.1023750682111933 1 798.8538 306.77606 1
 0.08415967395941817 1.510025661760297 0.1022393923139671 1 869.4873700000001 325.6815 1
 0.08458024390580313 1.509983422719519 0.1020878912597638 1 974.33386 332.93903 1
 0.0851600275751833 1.509926479858388 0.1018911795649652 1 1120.8463 341.84882 1
 0.08577330397713016 1.509795646605476 0.1017665040155697 1 1273.9137 325.57062 1
 0.08654077198122488 1.50976724350341 0.1016153090470352 1 1460.2666 330.39133 1
 0.08730932540975772 1.509721344344031 0.1014609716023825 1 1642.8693 332.81903 1
 0.08798562006007141 1.509730761723004 0.1013450666060239 1 1794.1929 342.12723 1
 0.08852988725825585 1.509771924072236 0.1012422484436031 1 1909.7682 356.88162 1
 0.08811235687176983 1.509764696998874 0.1005343904990211 1 1895.0083 475.47177 1
 0.0875349453469967 1.509783620373315 0.1004576179243632 1 1777.8052 504.13766 1
 0.0868519362250684 1.509777127670101 0.1004395230020955 1 1624.9735 521.67206 1
 0.08616638468630544 1.509758959026396 0.1003693650788093 1 1467.0128 547.7162 1
 0.08554291305585521 1.509774456274141 0.1002473680953127 1 1317.7235 589.8547 1
 0.08501340632253111 1.509882955489892 0.1001588351331235 1 1181.2625 642.0164 1
 0.08448709975407945 1.509928301886923 0.1001432992928758 1 1039.9496 668.2667 1
 0.08403087689931112 1.509956311836767 0.100141996033593 1 915.4775 686.23035 1
 0.08374850651088443 1.509932451402883 0.1000587774893443 1 840.7849 707.0351000000001 1
 0.08371008344354094 1.509919046113269 0.09993229992178027 1 834.5144 732.438 1
 0.08390515629694539 1.509968463181185 0.09980488124321671 1 894.4542 763.1879 1
 0.08424665539160363 1.510029667498096 0.09968132931414285 1 995.62537 790.7901000000001 1
 0.08468734338131263 1.510040194569388 0.09954240973737252 1 1125.8596 809.2336 1
 0.0852666747411772 1.510078791000636 0.099374152139681 1 1294.8875 833.86206 1
 0.08595625077201782 1.510104485188509 0.09918064577828876 1 1492.431 856.9163 1
 0.0866717484962171 1.510101135102952 0.09903350341414308 1 1688.2245 861.9328 1
 0.08736454404132014 1.510067399572557 0.09891813889055628 1 1869.2059 854.8142 1
 0.08699680994375275 1.509932734071376 0.09800671304815281 1 1883.7775 1052.2906 1
 0.08635505337166077 1.509969873161008 0.09796431657267091 1 1716.2566 1100.6324 1
 0.08572169373351707 1.510001934489456 0.09791995781184841 1 1540.8965 1148.4591 1
 0.08513750781486576 1.510021352968841 0.09784899277565569 1 1374.4812 1194.6802 1
 0.08558814875063844 1.512001306479195 0.09892991618410668 1 1335.2446 1198.0253 1
 0.08623468123924802 1.511932487357131 0.09901101030070918 1 1481.8264 1154.2058 1
 0.08691714614509265 1.511934133229557 0.09908701170139085 1 1628.4471 1113.369 1
 0.08753452333575461 1.511945968078694 0.09918982023945379 1 1751.2988 1071.2573 1
 0.08801837309011538 1.512023835522817 0.0993302656604939 1 1832.5037 1037.5343 1
 0.08832071729966007 1.512039981003399 0.09952129155375172 1 1874.9539 994.5207 1
 0.08846386136209881 1.511949485346689 0.09969644536917685 1 1894.0942 947.24304 1
 0.08641204507596671 1.511739953037968 0.10050539115559 1 1432.4202 839.5096 1
 0.085848466395696 1.511748099135638 0.1004149248665205 1 1314.6063 872.9215 1
 0.08527125366756928 1.511751111080424 0.1003256726063298 1 1189.8453 906.49243 1
 0.08471073473608669 1.511838970340089 0.1003170626930839 1 1059.9144 936.2211 1
 0.08421999471709478 1.511927060523648 0.1003819199006571 1 942.4099 948.3982999999999 1
 0.08380440182787591 1.511961436993726 0.1005464082081056 1 840.5608999999999 933.7971 1
 0.08352129606543285 1.51198664405138 0.1007744770592281 1 768.93207 902.40533 1
 0.08348976738070234 1.512027256593041 0.101005919270001 1 755.9209 867.2777 1
 0.08363736242803541 1.512071950769425 0.1012567111095377 1 782.3946999999999 826.4156 1
 0.08390080202891945 1.511940022084445 0.1015007954474215 1 833.1097 760.7033699999999 1
 0.08429702444496318 1.511798438354415 0.1017294217241407 1 912.46405 693.7101 1
 0.08487283294953463 1.511710665515676 0.1018455826399754 1 1032.8779 649.7228 1
 0.08555544942634477 1.511761830508257 0.1019325680216457 1 1172.0247 628.92584 1
 0.08623763685315726 1.511840870543692 0.1020374504758185 1 1303.8546 610.0373 1
 0.08689680992055134 1.511871635581271 0.1021011102059392 1 1428.5795 591.39325 1
 0.08748876793899185 1.511883906381684 0.1021473887570545 1 1537.2406 574.65924 1
 0.08795809196496626 1.511867670636256 0.1022428959940296 1 1617.5477 549.91943 1
 0.08821654725835837 1.511872339829502 0.1024580720090203 1 1648.8413 515.1554599999999 1
 0.08810405199365684 1.511727907051778 0.1029415751330925 1 1603.4054 434.10834 1
 0.08785902659202621 1.511681856093126 0.1030912820067832 1 1552.631 412.0577 1
 0.08746627675906743 1.511645438405976 0.1032129413323248 1 1476.5588 397.04434 1
 0.08696495147754961 1.511613352852652 0.1032872415654676 1 1382.0125 390.51233 1
 0.08638996903168028 1.511586084134046 0.1033077319101243 1 1274.398 392.75098 1
 0.08577926302746222 1.511601324605726 0.1033021663231462 1 1157.6218 405.50287 1
 0.08519449260790907 1.51162564269378 0.1032122984108892 1 1046.735 430.71606 1
 0.08463328415332357 1.51159693856857 0.1030769944280433 1 939.67456 454.85593 1
 0.08414683769468924 1.511654447114063 0.1029812502156561 1 843.59033 485.56924 1
 0.08372539135236139 1.511763552480031 0.1029990248811335 1 757.51843 506.97397 1
 0.0834407506064937 1.511883620394827 0.1031192283940812 1 697.62933 513.1405600000001 1
 0.0833032897236194 1.511979457274255 0.1033751317258891 1 667.1169 493.90118 1
 0.08324427415493245 1.511981130481266 0.1037618045008229 1 649.4856 443.5284 1
 0.08337913447934482 1.51198574588257 0.1040717899721772 1 670.5996 402.22745 1
 0.08368752600858601 1.512003160329251 0.1042910335696113 1 725.30273 372.36984 1
 0.08419989155358085 1.511998888093034 0.1043802305626847 1 819.06665 352.73874 1
 0.08483302838080667 1.512007610112181 0.1044464658249348 1 933.6604 336.83978 1
 0.08550673153986493 1.511966986615848 0.104532880488184 1 1053.8972 310.70193 1
 0.08623889036749385 1.511914264573728 0.1046107508687945 1 1181.7186 284.39337 1
 0.08692969679605077 1.511930058506033 0.1047661717905206 1 1293.9467 260.62485 1
 0.08760183548969767 1.5120418057696 0.1049037694737206 1 1396.9432 253.2916 1
 0.088139468185613 1.512085153913211 0.1050735743644805 1 1473.6577 235.5017 1
 0.08850924848844359 1.512045834641673 0.1052572443612083 1 1522.3431 208.34946 1
 0.08869656493627975 1.512030746547659 0.1054903845421765 1 1538.9141 181.48105 1
 0.08860262452153364 1.511993832133421 0.1057928265734473 1 1509.5056 148.0277 1
 0.08829618686146558 1.511914091821203 0.1060141133222802 1 1453.557 118.837776 1
 0.08784521723972639 1.511780348571911 0.1060929947879222 1 1383.2974 96.99138000000001 1
 0.08726280331100875 1.511658518697408 0.106090684000026 1 1293.9692 85.319885 1
 0.08664150527165122 1.511620696525603 0.1060191325319749 1 1196.9116 92.20816000000001 1
 0.08599889742879654 1.511617375925961 0.1059152204895831 1 1094.211 108.131004 1
 0.08529709979551059 1.511658574630632 0.1058956072488741 1 975.5987 123.31575 1
 0.0833878257372154 1.511886280651006 0.1068193277034881 1 635.7217000000001 88.74442000000001 1
 0.08386840379588185 1.511927521159784 0.1069139506657155 1 713.7806 80.39387000000001 1
 0.08445670680810054 1.511898791726267 0.1070195906094088 1 807.6693 59.98066 1
 0.08513403768900296 1.511913881940533 0.1071790242837857 1 912.9709 40.35533 1
 0.08585265743191041 1.511993911411897 0.1073855534469482 1 1019.9538 26.138948 1
 0.08651465123340439 1.512059440386598 0.1076462165773158 1 1112.4836 7.0258183 1
 0.08744805433468074 1.512850995801547 0.1077793129240325 1 1234.762 87.80999 1
 0.08670175344492746 1.512876721472176 0.1076392591629474 1 1131.8724 108.88803 1
 0.085919076877964 1.512923098583302 0.1074749419762735 1 1020.9729 136.01353 1
 0.08514463551100197 1.512961603870405 0.1072720881388661 1 909.2910000000001 164.89499 1
 0.08449044747360693 1.512969094902922 0.1070152719350311 1 813.9133 198.27463 1
 0.0839293584916095 1.513099873184315 0.106842377095478 1 729.5835 237.77403 1
 0.08347798152059388 1.513163983541296 0.106748894853715 1 660.3082000000001 260.45633 1
 0.08351443352971269 1.51344592632093 0.1063676259602207 1 672.877 332.9046 1
 0.08394845782552582 1.513456443547359 0.1061992282273429 1 744.465 345.6251 1
 0.08446053381821192 1.513545034887531 0.1061015048021758 1 827.8707000000001 359.68048 1
 0.08508378298009947 1.513532703110515 0.1060317421367081 1 928.0286 357.21252 1
 0.0857716089380795 1.513460783419026 0.1060276165497943 1 1036.5343 340.14813 1
 0.08653071227192362 1.513358377522202 0.1060199721768082 1 1155.5994 319.2804 1
 0.08881655302016679 1.513215713614249 0.105917836426484 1 1502.9839 287.30515 1
 0.08914787740321832 1.513285880126076 0.1057833750773636 1 1554.8125 305.40445 1
 0.08925238483419623 1.513295952700372 0.1056211261790567 1 1577.4358 320.8719 1
 0.08909629282300612 1.513255605424834 0.1054840590394175 1 1563.5768 331.8008 1
 0.08871602325204511 1.513268135107974 0.1053754098223379 1 1514.1638 347.88937 1
 0.08813674823131108 1.513259212908668 0.105285687859843 1 1432.3768 363.67767 1
 0.08744066277004731 1.513240083103791 0.1051925854813961 1 1330.8727 379.40155 1
 0.08670989278994272 1.513191177621347 0.1050712450483568 1 1221.4927 395.97083 1
 0.08594206187229417 1.513165603467578 0.1049778054453959 1 1100.3724 413.53345 1
 0.08522676690157859 1.513178300135861 0.1048365632939499 1 985.0586499999999 441.93192 1
 0.08458315646933917 1.513210757447115 0.1047073653792554 1 879.0316 470.26205 1
 0.08409033427918627 1.513235911379744 0.1045352233250245 1 797.85175 501.53412 1
 0.08372627380356602 1.513236177779645 0.1043745983030047 1 737.3679 526.9752 1
 0.08346114268855089 1.51331401872212 0.1042712875660404 1 692.9019 553.8406 1
 0.08337532498956478 1.513388490876663 0.104108667665681 1 680.9102 584.93036 1
 0.08351826748129366 1.513466559174343 0.1039583302415223 1 709.43286 611.3007 1
 0.08388279015347655 1.513495437755718 0.1038301515590997 1 776.8185 625.181 1
 0.08436671133499273 1.513388309866391 0.1038123704685175 1 863.19214 605.93646 1
 0.08499506501533273 1.513329390742183 0.1038270304629232 1 974.01196 586.3268399999999 1
 0.08570029830267564 1.513260370008308 0.1038385623135993 1 1098.2401 563.9981 1
 0.08644104807917002 1.513311659609898 0.1038098826195156 1 1225.9562 561.5895400000001 1
 0.08716047234743379 1.513326694712875 0.1037276670451019 1 1350.1649 561.6834 1
 0.08786220783228757 1.513274945725605 0.1035596578282408 1 1474.986 564.3048 1
 0.08843098643962198 1.513273269370918 0.1034764560802943 1 1570.5437 564.7594 1
 0.0888329725220315 1.513298721008393 0.1034112992927982 1 1636.1942 568.96246 1
 0.08902611638286381 1.513396752138412 0.1033259337933472 1 1667.5675 587.7289 1
 0.08899058874145528 1.513392979301585 0.1031720427973299 1 1670.9661 604.9322 1
 0.08873968582285698 1.513319668210944 0.1030167357416422 1 1643.8138 621.61316 1
 0.08831450427683099 1.513212847877924 0.1028424383717522 1 1589.6396 638.77423 1
 0.08776684655959412 1.513097427246236 0.1026716344910266 1 1512.2603 657.55414 1
 0.08712936004455353 1.51308034153396 0.1025386209680448 1 1409.7147 686.19965 1
 0.08642590774108315 1.513068154510215 0.1024693715917234 1 1287.5061 708.7557 1
 0.08571173039360785 1.513139979707093 0.1024232870832927 1 1156.3583 739.12604 1
 0.08501154978926928 1.51323405724451 0.1024162486884419 1 1024.3788 766.9752999999999 1
 0.08444465910972287 1.513306538863715 0.1022772491651885 1 919.5247000000001 807.41095 1
 0.08398478895346742 1.513391751509821 0.1021755449020084 1 833.7488 842.428 1
 0.08364587472397357 1.513432245023783 0.1020901392048696 1 770.3064000000001 867.0898 1
 0.08347125807980769 1.513463624282536 0.1019216998704475 1 740.1843 900.3213 1
 0.08339293665517732 1.513496429609702 0.1017800658411919 1 728.0893600000001 927.9317600000001 1
 0.08350076951065911 1.513522331717117 0.1016092642841321 1 753.3105 955.7202 1
 0.08380234466247927 1.513490342215022 0.1015212818205832 1 815.2893 959.8146 1
 0.08489613936638692 1.513381738650463 0.1013579786573285 1 1037.7982 947.92065 1
 0.08558243404661463 1.513298043314305 0.1013113779795537 1 1175.8596 929.88306 1
 0.08628304406064081 1.513262665878459 0.1012681861909335 1 1313.8558 915.0416 1
 0.08695692339042337 1.51315625415568 0.1011656196647781 1 1449.9823 901.1242999999999 1
 0.08758201529236539 1.51311282702972 0.101043194272413 1 1573.8191 898.4446 1
 0.0881336853301639 1.513157299889217 0.1009209274171217 1 1678.0775 907.8022999999999 1
 0.0885738502645019 1.513234504886939 0.1007793358793779 1 1759.9706 926.3077 1
 0.08887483445736469 1.513231092944761 0.1005910228716527 1 1823.9385 946.00037 1
 0.08754346137790459 1.512983101461497 0.09991819897721756 1 1642.8918 1067.1714 1
 0.08686200291893377 1.512994663643185 0.09978999910391755 1 1517.5724 1113.1526 1
 0.08612167170098615 1.51308847303594 0.09981601505050869 1 1362.3158 1143.1926 1
 0.08542159222862837 1.513143367156884 0.09975553095491371 1 1217.5989 1182.1985 1
 0.08477992793533673 1.513176671637601 0.09978936654677614 1 1078.6456 1195.5204 1
 0.08877002466965904 1.514267621365612 0.09971543132045552 1 1806.7223 1194.7242 1
 0.08904661000335104 1.514249504972934 0.09995544461452636 1 1837.9974 1146.9541 1
 0.08911336751277199 1.514239665025067 0.1002076001707787 1 1833.7382 1105.5723 1
 0.08898560687331113 1.514225429896063 0.1003755038796773 1 1803.3345 1082.8224 1
 0.08868228449483606 1.51421201247634 0.1004583046265963 1 1749.2891 1078.372 1
 0.08820833840969439 1.514265951783814 0.1005351123760843 1 1663.1094 1086.4288 1
 0.087593907370493 1.514278720471373 0.1005903995317283 1 1554.1748 1097.3389 1
 0.08688156014269993 1.514250098831141 0.1006368936061533 1 1426.5112 1107.5829 1
 0.08610780921472327 1.514353713382533 0.1007004405511094 1 1279.0302 1129.5752 1
 0.08536384114433337 1.514385543602124 0.1007795329149503 1 1136.1708 1139.7953 1
 0.08469974839185831 1.514406938396888 0.1008744914184487 1 1006.5193 1143.2269 1
 0.08415008139019547 1.514435972349942 0.1009375583352129 1 899.347 1148.9575 1
 0.08370455986198345 1.514452842778358 0.101080319211786 1 810.1895 1137.5835 1
 0.08339874483403945 1.514461941991295 0.1012590662581386 1 748.1591 1117.2024 1
 0.08326033078785366 1.514434165288367 0.1014917026553335 1 716.26 1079.6084 1
 0.0833368267405929 1.514428020581423 0.1016653722142998 1 726.9869 1050.4058 1
 0.08361599653105717 1.514416628635871 0.1017532260949574 1 777.15576 1030.0637 1
 0.08401785062231519 1.514335675330892 0.1018641488846594 1 848.99023 995.8994 1
 0.08457117707071476 1.514316934553266 0.1019209722352507 1 949.6075 973.33826 1
 0.08526822080229993 1.51422454479672 0.1018516635879889 1 1080.5197 959.453 1
 0.08596180469929064 1.514214853090708 0.1019033515595196 1 1204.0308 935.17285 1
 0.08663159964120067 1.51429497568949 0.1020201896332839 1 1314.8801 911.75934 1
 0.08872822560749931 1.514196447116527 0.1023178442227966 1 1648.4054 813.0907 1
 0.0889223482860725 1.514188921772904 0.1024743081781481 1 1669.9392 787.0027 1
 0.08891608010535763 1.514168205099863 0.1026633113617733 1 1659.0533 760.6634 1
 0.08870018581330961 1.514183412981269 0.102832681499128 1 1615.9276 744.8546 1
 0.08835061350810659 1.51417281171709 0.1029015973261487 1 1558.557 742.2800999999999 1
 0.08785791401917292 1.514197449070945 0.1029489677272045 1 1477.5559 748.7601 1
 0.0872403044246782 1.514176297591335 0.1029748139303479 1 1376.9921 755.33295 1
 0.08652270250272262 1.514206727975109 0.1030094118909162 1 1255.6265 768.4174 1
 0.08507444186504842 1.514338611068448 0.1029817998225241 1 1006.9076 814.5467 1
 0.08442359303094145 1.514358501608814 0.1030383445479096 1 891.3958 821.9104599999999 1
 0.08390134291028982 1.514384504666492 0.1030841466505283 1 798.87164 827.831 1
 0.08351424574426466 1.514398953310331 0.103179113626547 1 728.9873 823.41077 1
 0.08326495205745234 1.51439207789638 0.1033685399654682 1 682.0328 801.4796 1
 0.0832236689020667 1.514339328018291 0.1036031926045481 1 670.60864 765.1478 1
 0.0837499491333592 1.514334578945341 0.1038970011375351 1 755.7505 717.6193 1
 0.0842044291745148 1.514314295637568 0.1040160175213749 1 830.343 692.6641 1
 0.08475017297250181 1.514308476520842 0.1041394662691019 1 918.8498499999999 667.64386 1
 0.08540493110345314 1.514209879343484 0.1041790612897393 1 1026.8289 641.208 1
 0.0861042645199286 1.514180386684351 0.1042531936805277 1 1139.5833 616.6208 1
 0.08682512939597557 1.514202148223025 0.1043240651400556 1 1251.8583 599.15674 1
 0.08749827358201051 1.514196055026072 0.1043842431593362 1 1354.6202 580.60046 1
 0.08806455587507035 1.514169032580296 0.1044980216610722 1 1436.2225 555.85376 1
 0.0885239828402667 1.51414590583582 0.1046407616333076 1 1498.2075 530.4207 1
 0.08885222990652555 1.514127611583834 0.1048159435832821 1 1537.8292 504.53693 1
 0.08895109608341889 1.514116924817731 0.1050766486822244 1 1539.4362 474.2461 1
 0.0887621463640761 1.514098157496046 0.1053041448660208 1 1501.9376 451.53772 1
 0.08837880097811178 1.514126421642712 0.1054164511602472 1 1441.3307 448.07516 1
 0.08782729482125042 1.514149082788044 0.1054939147444898 1 1357.4584 449.7272 1
 0.08718500239281826 1.514177807465428 0.1055353360593198 1 1260.367 456.99905 1
 0.08652070824192151 1.514209032603268 0.1055480304531221 1 1159.3866 468.11005 1
 0.08590082944649841 1.514238546793629 0.1055234183210898 1 1065.036 482.53085 1
 0.08533670320114868 1.514265283536024 0.1055139866376425 1 977.66254 494.47427 1
 0.08485518498778498 1.514285932708565 0.1055432570744765 1 901.61096 500.47467 1
 0.08448065396874355 1.514226651031843 0.1056000875011564 1 841.53845 492.73007 1
 0.0841809137589726 1.514171686053256 0.1056750518316384 1 792.7615 482.60083 1
 0.0838679135821932 1.514197395019381 0.1058749997133199 1 740.21844 468.49432 1
 0.0836183946326457 1.514233030084754 0.1061160726910141 1 697.7854 450.47406 1
 0.08358837996861025 1.514294362511832 0.1063703688662701 1 689.94696 431.51227 1
 0.08396746528381069 1.514242169708062 0.1064157589178704 1 746.9176 415.87094 1
 0.08451694439531918 1.514196969654128 0.1064722278907654 1 829.4673 397.79507 1
 0.08513202835674497 1.514148881281275 0.1066154141212614 1 919.2306 370.2402 1
 0.08586763814795362 1.514015834108537 0.1066989805335515 1 1027.4893 337.91797 1
 0.08660917897918465 1.513969836958855 0.1068370719130206 1 1132.6138 310.959 1
 0.08724964064307124 1.514029327540767 0.1070878218035785 1 1215.1708 287.69125 1
 0.08782905017506529 1.514082374524624 0.107274846792497 1 1288.2897 270.92178 1
 0.08833569454668654 1.51403808625142 0.1073736666568165 1 1354.248 252.47156 1
 0.0886499775613432 1.514060258214881 0.107531091374646 1 1389.5627 238.47197 1
 0.08876561392916989 1.51405292072658 0.1076637112816639 1 1399.6044 225.28639 1
 0.0880631330907392 1.510132183880266 0.1009714845816743 1 1820.959 468.81827 1
 0.08797698415153814 1.510042751343626 0.1021037318667048 1 1711.4833 285.9497 1
 0.08789758102238554 1.510112210384879 0.1032495155296972 1 1606.0044 149.85216 1
 0.08793702779767569 1.510690755063137 0.1049453355157898 1 1484.7177 51.671856 1
 0.08799684455851942 1.510658269927402 0.1040403965841839 1 1551.5194 144.01051 1
 0.08804471365140323 1.51062215556427 0.103094118016166 1 1624.935 249.80125 1
 0.0880829905498287 1.510570649915385 0.1021419509252734 1 1704.3474 366.59113 1
 0.0881262590164265 1.51054932021448 0.10121060129376 1 1789.0751 499.43143 1
 0.08816303321639123 1.51057146655474 0.1003015672902037 1 1874.6204 650.4534 1
 0.08780326660703067 1.511492865319054 0.09968843336059062 1 1795.2278 908.8361 1
 0.08768513428464186 1.511404551013277 0.1008516476194288 1 1685.3965 698.7889 1
 0.08755873462798681 1.511320677504504 0.1019585772463603 1 1585.202 518.5157 1
 0.08746408573598997 1.511325354674576 0.1030355961932193 1 1497.4904 372.78497 1
 0.0874079333351061 1.511366577067404 0.104058866601533 1 1425.9749 254.30267 1
 0.0873904084693726 1.511375472754283 0.1050195100853536 1 1371.6925 150.09091 1
 0.08738854473584326 1.511377468602704 0.1059292033301619 1 1326.7684 61.69602 1
 0.08742388447037662 1.512655885794638 0.1075174889599952 1 1244.0386 86.21875 1
 0.08751664012552555 1.512703999710544 0.1068470986574879 1 1283.026 149.76128 1
 0.08761449568514952 1.512725793571089 0.1061243296081411 1 1327.5071 219.12325 1
 0.08770447140514732 1.512733114296087 0.1053569902390919 1 1375.3894 295.85373 1
 0.08778884798114862 1.512729985207138 0.1045600485949469 1 1427.3986 379.56564 1
 0.08783651633385875 1.512674105878871 0.1037536447791501 1 1478.419 465.20496 1
 0.08786520323106958 1.512685397235554 0.1029431060908939 1 1527.7675 567.7665 1
 0.08792176738937241 1.512689580237275 0.1020634992999136 1 1589.5647 686.4231600000001 1
 0.08796037698067827 1.512660644719062 0.1011708352638003 1 1654.3422 813.48114 1
 0.08799684076452359 1.512674860098774 0.1002369423956495 1 1723.1243 962.60547 1
 0.08802126753983366 1.512700961567674 0.09927490182111222 1 1794.644 1130.624 1
 0.08796540466315 1.513744318768529 0.1024341328418586 1 1536.4542 762.94775 1
 0.08792866270076934 1.513753813389421 0.1034305277861091 1 1478.1368 636.16254 1
 0.08788602285289222 1.513763450148314 0.1044023024638769 1 1423.5931 523.8356 1
 0.08782452427307531 1.513829225982889 0.105374135428959 1 1368.9559 425.60873 1
 0.08775329909018383 1.513859079368887 0.1062654099751779 1 1320.754 340.2779 1
 0.08768311094162654 1.513901076882693 0.1070528467065977 1 1279.4114 272.00473 1
 0.08760461457918256 1.513923603058587 0.1077454525828829 1 1242.6439 214.28206 1
 0.0865549401905497 1.508376792295371 0.101832189074606 1 1500.4355 20.408054 1
 0.08671655767734274 1.508423502224299 0.10021275569127 1 1690.6823 289.8445 1
 0.08678748855692392 1.508421043765153 0.09929056695708416 1 1812.7935 469.27087 1
 0.08648703581350248 1.509081394327624 0.09799281036376019 1 1825.7827 926.3052 1
 0.08643181638533913 1.509022568773704 0.09915541677130615 1 1687.3009 639.4992 1
 0.08637640524583975 1.508985086488955 0.1003008522219155 1 1563.5416 401.38998 1
 0.08619264245948463 1.50999172276791 0.1036575625234436 1 1252.4283 97.82111999999999 1
 0.08623921084692826 1.509991419018948 0.1026618321474801 1 1318.158 223.89842 1
 0.08630195362285131 1.50996012157085 0.1016168708459434 1 1399.4923 368.22522 1
 0.08634971121796248 1.509915670047193 0.1006079674228159 1 1486.0596 528.7415999999999 1
 0.08640231427356689 1.509915769092525 0.09961067197172783 1 1581.1147 717.4705 1
 0.08646356097500031 1.509936708292115 0.09861288859752786 1 1685.5325 935.0998 1
 0.0865254458292944 1.509990999890489 0.0976463394994125 1 1792.2952 1174.8103 1
 0.08655656731915859 1.510951837255349 0.09858552184593428 1 1643.0237 1097.8828 1
 0.08658316288553503 1.510912937513884 0.0998741541647019 1 1549.5343 827.7038 1
 0.08659858356695523 1.510919318397719 0.1011981063058637 1 1458.481 593.51794 1
 0.08656714367861176 1.510899533512701 0.1024623643514205 1 1372.6287 398.70135 1
 0.08651370343799845 1.51085379990391 0.1036221726238553 1 1298.5164 239.54684 1
 0.0864507958721082 1.510775690951291 0.1046933560219882 1 1235.206 105.11535 1
 0.08607144746050706 1.511716827786199 0.1065023049252439 1 1084.9729 64.77714 1
 0.0862155454077036 1.511772010887835 0.1054130094681782 1 1147.577 177.8667 1
 0.08633622476464239 1.511773161094341 0.1042413241544048 1 1217.2275 305.74988 1
 0.08641159602368216 1.51183545066497 0.1031224742814963 1 1282.3853 452.93063 1
 0.08648207459505604 1.511886859878014 0.1020048017521333 1 1352.9034 616.35284 1
 0.08651990764387125 1.511883320681042 0.100887112131898 1 1425.7258 791.9165 1
 0.08651146334405166 1.511842111917578 0.09975976505094855 1 1497.7252 986.8458000000001 1
 0.08649629361302014 1.512503088946744 0.1002964843368046 1 1433.4829 976.5368 1
 0.08650008696312939 1.51246438551012 0.1016240936438141 1 1360.2742 753.44543 1
 0.08649692955718342 1.512452650285608 0.102901811721631 1 1294.4863 567.0657 1
 0.08649765765706145 1.51244603392993 0.1041268736857976 1 1238.3876 410.2084 1
 0.0864442982873905 1.512435609951458 0.1053193845090967 1 1180.2677 275.65063 1
 0.08634385490156729 1.512405814615717 0.1064014643882825 1 1124.673 164.08688 1
 0.08622634231589119 1.512381302232292 0.1073424816911962 1 1075.6008 76.95782 1
 0.08577049942469621 1.513004621291019 0.1078779812934701 1 987.08344 113.11083 1
 0.08587272516203924 1.513016876422252 0.1070781457998076 1 1024.7229 183.15016 1
 0.08595601262859089 1.512997726737218 0.1061105230711421 1 1066.9744 272.48685 1
 0.08604419000238987 1.512996491078833 0.1049918189809408 1 1118.7935 389.28378 1
 0.08612899983801565 1.51302427258938 0.103750657390526 1 1179.7697 537.9328 1
 0.08618670128561878 1.513086262262052 0.1024963322743127 1 1242.4506 711.8661 1
 0.08622895241204077 1.51313086218674 0.1012620872178727 1 1307.5743 901.55597 1
 0.08626514788859918 1.513164355968224 0.1000429787807972 1 1376.9152 1107.1753 1
 0.08614778000503799 1.514253582740881 0.1006912313879453 1 1289.5537 1118.7357 1
 0.0861418376657503 1.514124897175709 0.1019277740101651 1 1236.9998 917.3484 1
 0.08607322769368574 1.514090266531591 0.1031888425719411 1 1174.7433 740.2867 1
 0.08597935047316511 1.514117245707589 0.1043828291542868 1 1115.7444 596.1151 1
 0.08585709927957876 1.514122867861031 0.1055012037752451 1 1060.0709 472.3587 1
 0.08575050375723578 1.51409068840067 0.1064694418228477 1 1016.00116 370.35526 1
 0.08564354325861694 1.514096905395112 0.1073100183441061 1 977.9506 292.20248 1
 0.08441297987885293 1.508453189036351 0.09995615437145158 1 1052.637 398.70944 1
 0.08446577814098205 1.50851485570081 0.09895998740912161 1 1134.1412 639.2901000000001 1
 0.08449401389393593 1.508553491779729 0.09793383068875806 1 1222.9912 926.768 1
 0.08487480313254656 1.509770452218954 0.09894559419632866 1 1225.0294 889.42346 1
 0.08499642854704431 1.509769154455469 0.1002890369640988 1 1171.9176 595.04584 1
 0.08517747012231058 1.509753225457531 0.1029213449535982 1 1078.0359 161.19011 1
 0.08471714126390766 1.510519131098206 0.1047224449172143 1 910.3495 81.70872 1
 0.08485478714092545 1.510514995167782 0.1035729496650392 1 974.9892 214.47914 1
 0.0849303915127623 1.510495923819742 0.102428532674599 1 1035.4061 365.74713 1
 0.08498040462232424 1.510490627627553 0.1012530581157445 1 1100.4725 550.0972 1
 0.08500445237177587 1.51047828533276 0.1000661172002047 1 1170.0092 766.7064 1
 0.08502805640845387 1.510502708897668 0.09884138353910266 1 1250.7029 1033.6582 1
 0.08470874699861351 1.511348743519404 0.09898266179489801 1 1133.5662 1138.9624 1
 0.08471270152509572 1.51135924852626 0.1002976848739091 1 1068.6019 870.36285 1
 0.08469828708210289 1.511351162241965 0.1016067611144083 1 1008.43274 637.7123 1
 0.08467236970671023 1.511306771184398 0.1028589446760324 1 956.78174 440.294 1
 0.08462423797161517 1.511245860114347 0.1040455959360849 1 909.53644 275.71378 1
 0.08458510677515035 1.511180680694087 0.1050858995771825 1 873.5945400000001 146.5506 1
 0.08428056089207256 1.512453372100143 0.1077738920473836 1 767.08167 68.23624 1
 0.08440427776220558 1.512481805269575 0.1069961803807415 1 800.2097 138.89745 1
 0.08453574694265079 1.512468342034403 0.1060666723268951 1 840.5984 226.05397 1
 0.08467179930654602 1.512513608562422 0.1049963023380256 1 888.5838 344.94177 1
 0.0847434346100313 1.512527104068636 0.1038821930463837 1 931.8217 478.92188 1
 0.08480274397981956 1.512482474040423 0.1026995838261598 1 980.253 631.6512 1
 0.08483944575627385 1.512429519120866 0.1014843873131284 1 1032.2247 809.7380000000001 1
 0.08488224754753448 1.512432147476259 0.100233149061033 1 1093.3933 1025.8447 1
 0.08455820904717112 1.512952845344333 0.1009890346064478 1 987.1719399999999 965.88525 1
 0.08452490017637714 1.512863355733079 0.1022731040027173 1 937.5113 749.9958 1
 0.08447728072588678 1.512825117771987 0.1035049463023143 1 892.30554 572.0758 1
 0.08440377739928803 1.51281684743784 0.1047182418155591 1 848.1913 421.12027 1
 0.08432185590778606 1.512743911053517 0.1058100909025945 1 810.56305 291.55576 1
 0.08423944255882067 1.51273384644288 0.1067554519520692 1 778.9262 196.31993 1
 0.08415946457483185 1.512771852670013 0.1075807759343501 1 752.49713 126.48014 1
 0.08421135614872938 1.514124163759425 0.1076788660705002 1 762.49603 277.79492 1
 0.08431359276535577 1.514178386458034 0.1069068949973204 1 790.7575000000001 355.35687 1
 0.08441838130609382 1.514211323239993 0.1060047558396355 1 823.5969 448.0615 1
 0.08451215669771842 1.514241607144635 0.1050120647496763 1 859.4183 559.872 1
 0.08459182276135913 1.514284721723685 0.1039395981187237 1 897.61566 692.4786 1
 0.08465317295802394 1.514256742673839 0.102805978837106 1 938.6959000000001 838.5057 1
 0.08467667198870273 1.514235309608434 0.1016311624258313 1 978.81946 1007.0767 1
 0.08466601715372676 1.51428317915629 0.1004233746246704 1 1016.01324 1198.1754 1
 0.08520044759240725 1.511740450265875 0.09920880122512654 1 1233.4642 1126.5327 1
 0.08538722402339925 1.511912994179409 0.1001722315377914 1 1220.0995 954.4145 1
 0.08555342245575012 1.511886606726614 0.1011296549728401 1 1207.9512 776.5682399999999 1
 0.08579996784683491 1.512019193215714 0.1017837153271779 1 1223.9453 683.7644 1
 0.08603318373117377 1.512070905692733 0.1021433942607035 1 1251.953 631.3862 1
 0.08620336685393748 1.511968354107303 0.1030831762025511 1 1241.8915 480.7871 1
 0.0862203206116661 1.511916396213575 0.1035332487328262 1 1225.1664 414.1433 1
 0.08624593494265299 1.511946083066187 0.1040476909290798 1 1206.4519 354.3764 1
 0.08619513351343634 1.511871405547464 0.1045939168922282 1 1175.463 280.8385 1
 0.08600902713924614 1.511420630386012 0.1051366456561395 1 1127.4885 159.4643 1
 0.08583420781672105 1.511132323045663 0.1063413679964353 1 1057.2179 2.6711133 1
 0.08680543258996866 1.510595903141551 0.1043283071306604 1 1321.9172 113.54514 1
 0.08635210365574086 1.511121658939181 0.10437768944979 1 1225.6083 194.00041 1
 0.08579103786603597 1.511536360316493 0.1046775455678361 1 1104.7137 228.60236 1
 0.08521750268587971 1.511815608033083 0.1052182970262779 1 981.16595 216.80249 1
 0.0847706522371198 1.511996215564677 0.1060398936041166 1 881.0732 162.53395 1
 0.08452233677085838 1.511813238872538 0.1069962850337257 1 818.9164 50.06339 1
 0.0856494368572143 1.511979186125745 0.1065085201348938 1 1013.8774 104.40864 1
 0.08514747864611043 1.512280285593199 0.1062234394018973 1 938.0883 177.99406 1
 0.08458820324135816 1.512682359701389 0.106376055594071 1 842.4311 222.28302 1
 0.08409868560617882 1.513126960463897 0.1069861712418984 1 753.8857400000001 225.41415 1
 0.08380746550042877 1.513290949979732 0.1077571751645401 1 698.54596 178.67523 1
 0.08564428482129149 1.512377450846233 0.1079148586635142 1 970.3686 32.90532 1
 0.08642078392395847 1.512295096223572 0.1072137209800516 1 1110.1534 75.233 1
 0.08709099692731405 1.512025816706617 0.1065100814617211 1 1242.9132 97.1738 1
 0.08758839128773106 1.511589935287411 0.1058763903759723 1 1357.3685 93.16858000000001 1
 0.08702548125358502 1.509503118943667 0.1028725308128807 1 1483.7908 99.71872 1
 0.08763056126048994 1.509027097734522 0.1020378499848512 1 1694.8796 115.35245 1
 0.08647778319326437 1.509812877928253 0.1034310127630583 1 1326.8374 91.28825000000001 1
 0.08608719635407282 1.510101658412789 0.103217647459591 1 1252.0079 172.05023 1
 0.08568461306216085 1.509950359570922 0.1036055321323281 1 1152.035 101.79928 1
 0.08507898795036271 1.509306801590901 0.1032666279597388 1 1046.6099 36.290657 1
 0.08501886769461386 1.509929201097144 0.102910788097137 1 1041.2441 197.46626 1
 0.08485218543485958 1.510677227000017 0.102860123766972 1 999.4179 336.0335 1
 0.08465484590649576 1.511569477679825 0.1032653242969192 1 938.2299 424.5743 1
 0.08448546116528105 1.512073546384223 0.1040298252357833 1 881.3144 401.75732 1
 0.08434526466556634 1.512234898490552 0.105011104732457 1 831.27106 310.26462 1
 0.08412342105292159 1.51226179320566 0.1060084370183126 1 772.48 209.9275 1
 0.08377795524427373 1.512536329054234 0.1065540755867539 1 707.16156 195.56473 1
 0.08363461299657281 1.513954384778592 0.1041836280757114 1 728.9784 639.8167 1
 0.08399980611496838 1.513944639445968 0.1033064396760212 1 810.4367 746.098 1
 0.08451802879562026 1.513698789366302 0.1028055320947137 1 916.72 776.53217 1
 0.08509643201568311 1.513412032365384 0.1027934067210233 1 1025.0167 732.3383 1
 0.08564432584059849 1.51308896759827 0.1032200463893432 1 1113.5099 623.46826 1
 0.08592761623727745 1.512853130384224 0.1039714709334593 1 1138.6125 491.9382 1
 0.08583189681089573 1.512608701617428 0.1046461588509602 1 1100.027 380.90274 1
 0.08552064706950226 1.512663416447553 0.1047635249339109 1 1041.6814 379.1589 1
 0.08529648211916439 1.51296425579505 0.1040019516093237 1 1024.973 512.75775 1
 0.08524406063266056 1.513225219708143 0.1029289651920453 1 1049.4186 687.5306399999999 1
 0.0854354341164613 1.513261013102508 0.1019170484165046 1 1123.0336 834.66504 1
 0.0858586540420383 1.51305976349506 0.101203024904991 1 1240.2382 911.53217 1
 0.08652104383067614 1.512756978244569 0.1011311663096331 1 1382.1342 868.30566 1
 0.08719825733368984 1.512393653668651 0.1016080443631503 1 1497.1852 730.3636 1
 0.08763921243172955 1.512099564968844 0.1024134231546104 1 1540.2638 564.43225 1
 0.0877524882235102 1.511748972301475 0.1033527353405583 1 1515.588 390.22452 1
 0.08753800750826257 1.51154581334032 0.1043205682009851 1 1429.2626 248.94907 1
 0.08705371135221948 1.511647329543541 0.1049791260902745 1 1310.8313 196.57275 1
 0.08654664961036741 1.51188526961491 0.1049535814939317 1 1221.0022 238.54639 1
 0.08635011671524591 1.512143635500056 0.1042453845210195 1 1212.8792 357.20248 1
 0.08650467295584936 1.512253190515848 0.1031256313375296 1 1289.7118 509.8685 1
 0.08685967697384307 1.512132847111476 0.1021976339781381 1 1407.7618 614.93945 1
 0.08736268513218995 1.511741940771088 0.101870903908521 1 1536.6282 597.04016 1
 0.08788049032627121 1.51122302488258 0.1020982288562917 1 1640.1985 478.00296 1
 0.08822783382820779 1.510596213112331 0.1026886851116042 1 1688.5514 295.49957 1
 0.08583865046791277 1.510577606517609 0.1048893779818481 1 1116.8754 60.03862 1
 0.08569822437667766 1.511290958004572 0.1039092709252545 1 1121.0651 283.48355 1
 0.08578484411017419 1.511672424404977 0.1026233665320149 1 1188.2408 508.88284 1
 0.08606640265083859 1.511545542343491 0.1013137662031578 1 1316.8379 683.6339 1
 0.08650145414454445 1.510919871832956 0.1003128578678369 1 1498.9905 749.2696 1
 0.08691805925821564 1.510242433629378 0.09987071816030725 1 1664.5411 708.22437 1
 0.08724821870272159 1.509687167540462 0.1001053518792182 1 1752.9644 556.4249 1
 0.08740729220416812 1.509277293862121 0.1008043776361769 1 1747.0044 353.05768 1
 0.08734920597968306 1.508975342759567 0.1017673962091885 1 1661.0465 145.81862 1
 0.08529088824696869 1.509035061107878 0.1017975371569484 1 1174.8102 181.11723 1
 0.08543654131563838 1.509491202182599 0.1005485709556257 1 1278.8936 480.50363 1
 0.0854191183958191 1.510080696110203 0.09929545560474014 1 1341.826 844.7142 1
 0.08549714107337179 1.512323176497708 0.1003983353378154 1 1223.0139 964.6825 1
 0.08545263522662393 1.512342593642527 0.1019519165287405 1 1139.9376 710.1747 1
 0.08508803858642014 1.512447513952416 0.1032179275521357 1 1017.9453 549.0071 1
 0.084595181594135 1.512814751598488 0.103770020269725 1 906.6623 534.05457 1
 0.08424718661779401 1.513242242446469 0.1034046996282183 1 851.8819999999999 643.26685 1
 0.08399963732784609 1.51362896706376 0.1025486014648714 1 827.5235 814.91504 1
 0.08378825565853813 1.513942667994391 0.1015457803694119 1 813.33344 1007.87616 1
 0.0836392639881853 1.514127930615851 0.1006670246968743 1 807.3453 1174.242 1
 0.08629962073988376 1.513311691955433 0.1001658240663977 1 1372.3853 1101.3773 1
 0.08543545032617059 1.513402333497331 0.1014341596120798 1 1140.2789 925.2068 1
 0.08491095025841396 1.513637035576737 0.1010848488666418 1 1048.1003 1021.89355 1
 0.08467056432697313 1.513730076389362 0.1002036749350119 1 1031.6271 1186.9623 1
 0.08736894036381128 1.508624315252997 0.1005120740079184 1 1807.1504 270.4303 1
 0.08710980576347355 1.508653745961097 0.1014171013930521 1 1654.7737 134.72931 1
 0.08820854188147266 1.51088066980356 0.09991680963165306 1 1897.924 764.90784 1
 0.08832679783489857 1.510891754222424 0.1015602605573678 1 1780.2427 496.60364 1
 0.08802078152789644 1.51095212683513 0.1028519333611536 1 1624.6052 332.20563 1
 0.08755196670329357 1.511203998371004 0.1037755918204686 1 1472.1932 261.75577 1
 0.08725136544894627 1.511926983308597 0.1040900602875664 1 1382.3138 333.0126 1
 0.08726143213449102 1.51299176085325 0.1039047402958603 1 1366.8043 496.42865 1
 0.08756191291059655 1.513542867946792 0.1034627602790369 1 1423.5365 613.58716 1
 0.08623489485585724 1.514353041395203 0.1002893472974845 1 1321.5239 1191.5157 1
 0.0860807932100104 1.514238707647199 0.1013516200199332 1 1248.3097 1017.0725 1
 0.08623180711575994 1.514052222102527 0.1022159938540415 1 1242.1241 865.7619999999999 1
 0.08663650995518908 1.513936803697185 0.1027042089550129 1 1293.8416 776.1686999999999 1
 0.08717822612018826 1.513819762395377 0.102704584860028 1 1388.9296 751.4915 1
 0.08768398271518475 1.513705873354052 0.1023869640591309 1 1493.6079 770.6632 1
 0.08793456180523694 1.513615732055549 0.1015983851063148 1 1582.9238 865.46716 1
 0.08777074352663769 1.513595209636768 0.1007514405576689 1 1604.7856 994.4133 1
 0.08721610983802115 1.513580849168983 0.09999287907055511 1 1548.8593 1131.8347 1
 0.08656932591945271 1.513522717543409 0.09981663949093861 1 1436.9819 1176.249 1
 0.08609989077691038 1.513426180904569 0.100609816168688 1 1306.8873 1045.2863 1
 0.08563780471125307 1.513252794218973 0.101913606297372 1 1161.9976 829.67596 1
 0.08506685702710742 1.513248111277482 0.1031830216045583 1 1007.97034 656.937 1
 0.08448316784024985 1.513327220359444 0.1038353818373399 1 883.48553 593.2828 1
 0.08406076382936581 1.513457840528564 0.1037181884322498 1 810.9059 632.0172 1
 0.08390973057452172 1.513711252580457 0.102945926449792 1 801.7644 769.7829 1
 0.08395518646325613 1.513928684140527 0.1018332158724099 1 837.8174 957.7474 1
 0.08409649035756012 1.514004661248774 0.1006182350734302 1 899.78845 1159.2115 1
 0.08532082115393938 1.511457884253454 0.09987531084609212 1 1233.5978 949.25507 1
 0.08520271020225481 1.511425309078982 0.1010388607757799 1 1145.7047 732.78284 1
 0.08490463284667037 1.511398315534815 0.1021129735232592 1 1032.8114 560.10803 1
 0.08462869682444649 1.510816207733165 0.1030924805955494 1 942.65344 331.09094 1
 0.08453949120144184 1.509938669025759 0.1034031693499243 1 917.563 142.06982 1
 0.08471725689126229 1.509426756986206 0.1028901179300907 1 979.2685 111.99033 1
 0.08495371166951883 1.509169540653657 0.1019096712290075 1 1082.6891 196.81711 1
 0.08523999538337747 1.509467063539957 0.09955118793711512 1 1297.4865 681.19916 1
 0.08520334913820017 1.509876229132032 0.09827261020877208 1 1367.1976 1060.3854 1
 0.0849731479231573 1.508418108996287 0.0976607176253397 1 1429.9755 956.4703 1
 0.08503609080487665 1.508346111960888 0.09870277205330803 1 1352.7246 644.2458 1
 0.08499595804986144 1.508173304782301 0.09982454255936249 1 1250.0436 343.63156 1
 0.08574963413619091 1.508777214459572 0.1016583573304572 1 1304.2372 141.47722 1
 0.0862947162242125 1.508853760773714 0.1006940096883497 1 1513.8429 305.77148 1
 0.08677457950303868 1.508866083995748 0.09974201252684466 1 1727.3861 475.16983 1
 0.08533231900889141 1.510538235785688 0.09810136849080699 1 1384.9867 1196.3269 1
 0.08562775507877433 1.510357853419417 0.09889423061142313 1 1415.5614 975.7304 1
 0.08614769281474302 1.51016174385789 0.09922430735950639 1 1535.7483 850.5251 1
 0.08666314804948673 1.51011290871468 0.09898860276614337 1 1689.7023 874.03143 1
 0.08701072164356315 1.510259819393275 0.09829619549639569 1 1830.4108 1037.5736 1
 0.08588449250904003 1.512494090597387 0.09937752698343302 1 1357.6285 1163.5737 1
 0.08539059957161391 1.512710091237786 0.1001355431383744 1 1203.4999 1063.4846 1
 0.08491905298298447 1.512985156094296 0.1001071260073399 1 1097.9502 1114.8995 1
 0.08708028016817271 1.509641187959079 0.09868138706422684 1 1858.9878 842.08734 1
 0.0871829246906808 1.509259666329076 0.09938248613647672 1 1839.6235 616.5090300000001 1
 0.08738985839222921 1.508836855983904 0.0995943509961341 1 1898.8364 482.95816 1
 0.08585134624400603 1.50841240332879 0.09842450052416281 1 1642.4653 700.3801999999999 1
 0.08545669163817743 1.508275308437839 0.09887702739607993 1 1477.5481 569.5952 1
 0.08500980683987673 1.508150253069378 0.09856906161470819 1 1366.9106 632.7728 1
 0.08464170911730237 1.508085494988136 0.09792411310890162 1 1300.7236 813.3598 1
 0.08439998471981344 1.508200245976516 0.0970065823427449 1 1290.412 1154.8306 1
 0.08694692209548369 1.510697785860688 0.09923997719809206 1 1697.1609 906.2682 1
 0.08657575583066518 1.510802856212756 0.1005651667751001 1 1502.5146 683.20966 1
 0.08625893351218956 1.511240833937729 0.1013750663774027 1 1363.209 622.82605 1
 0.08612782732960043 1.511865206396037 0.101485669523236 1 1310.6965 700.9943 1
 0.08617788574592608 1.512429839568733 0.1010323807181454 1 1329.1947 850.9233400000001 1
 0.08634447971542468 1.512728562810182 0.1002022072088825 1 1399.5751 1025.5214 1
 0.08766978740384306 1.512293924887108 0.0992562740279183 1 1752.3018 1097.7672 1
 0.08758444994931545 1.512211367865795 0.1001821917170867 1 1672.8252 925.8098 1
 0.08746945302953468 1.512241838651599 0.1009962904391693 1 1593.42 797.5245 1
 0.08734365326202358 1.512275089577932 0.1016830546262042 1 1524.455 699.74023 1


