# Created by Octave 4.0.0, Thu May 23 15:02:44 2024 PDT <caveman@RiffellCave1>
# name: corresp
# type: matrix
# rows: 507
# columns: 7
 0.08423585091896481 1.508244980935157 0.105343723217407 1 979.6531 891.00336 1
 0.08489306803923852 1.508237155837473 0.1052301570826551 1 738.4945 753.6578 1
 0.08558075143113532 1.5081566315523 0.105141435953639 1 494.35596 610.5626999999999 1
 0.08629180968961893 1.508129096573189 0.1050928055119654 1 256.4066 498.55362 1
 0.08695631491822566 1.508134785811074 0.1050719175795303 1 50.91795 416.47803 1
 0.0856987166601401 1.508550712489487 0.1047768016046225 1 552.3866 581.3509 1
 0.08507696474002138 1.508520739018254 0.1048542117288789 1 755.0516 675.7415999999999 1
 0.08453711745098084 1.508581970842009 0.1049560736107566 1 939.54425 794.1723 1
 0.08408813519966214 1.508635794187891 0.1050776888197184 1 1092.7191 908.76526 1
 0.08378114885312624 1.50866318512339 0.1052571709360607 1 1184.2676 1020.47235 1
 0.08365113842167521 1.508657988077891 0.1054654510731716 1 1203.1166 1114.1346 1
 0.08367459026951647 1.508623624886021 0.1056688982652823 1 1156.7731 1177.5051 1
 0.08416860193164867 1.508539761085748 0.1058691987485722 1 913.90063 1157.7477 1
 0.08463116747793288 1.50858569964964 0.1058710769204506 1 729.5511 1094.3008 1
 0.08516368900723011 1.508602266186538 0.1058255272838272 1 536.48334 999.30597 1
 0.08573722942533098 1.508573357867926 0.1057952701771703 1 334.3348 897.3068 1
 0.08633773228799206 1.508545461789222 0.1057796050025475 1 133.28365 801.3221 1
 0.08687111843290359 1.509764012945354 0.105395149489721 1 167.45692 866.89185 1
 0.08748757678898671 1.509775982437998 0.105302815591687 1 19.990232 773.3819999999999 1
 0.0875070068637008 1.509833208035888 0.1046766399749901 1 132.07497 626.87915 1
 0.08685892055641395 1.509825373065499 0.1046358554668558 1 310.26074 682.9858400000001 1
 0.0861458574284608 1.509801477181464 0.104580801014936 1 520.0343 742.06494 1
 0.08543770917963911 1.509790490287934 0.1045115855701613 1 744.5765 801.7574499999999 1
 0.08481782777458804 1.509810880194242 0.1044090764960738 1 956.5151 848.47504 1
 0.08428911074809867 1.509827170314386 0.1043061757899782 1 1144.6483 885.1395 1
 0.08387231266001235 1.509910289556956 0.1042031244250896 1 1296.086 919.80914 1
 0.08360966966208815 1.510004353922438 0.1040871792947731 1 1396.0372 934.09827 1
 0.08357711170535849 1.510066287103257 0.1039455351160602 1 1422.5455 909.3073000000001 1
 0.08372846756520928 1.510088855511893 0.1038138953248673 1 1388.8018 860.33075 1
 0.08402000631560823 1.510070176289473 0.1036902448237371 1 1311.3612 790.8605 1
 0.08441928045643804 1.510019226963696 0.1036032994591295 1 1196.9753 717.30475 1
 0.08496087177410967 1.509949388666845 0.1035058464323168 1 1042.8479 623.0136 1
 0.08556190994700857 1.509882501386556 0.1034732233675533 1 866.5674 541.4703 1
 0.08622830173330209 1.509871904250404 0.1034535294769063 1 677.80493 470.49164 1
 0.08689183239172464 1.509874194331682 0.1034220966762165 1 501.91046 403.27615 1
 0.08748645973192166 1.509864602161808 0.1034185998880368 1 348.6208 349.22632 1
 0.08799851672181183 1.509813561646467 0.1033914394150192 1 224.17339 291.29944 1
 0.08808673053743946 1.50963719914241 0.1027847701399772 1 288.06534 127.79333 1
 0.08750539697898502 1.50955588195718 0.1027553743357957 1 429.8644 147.67148 1
 0.0868455988520322 1.509532402853421 0.1027362862759798 1 602.296 189.85162 1
 0.08618615331916317 1.509584443478813 0.1026924028671153 1 790.338 245.88553 1
 0.085554822722504 1.509650521273219 0.1026183671619565 1 981.2116 298.42145 1
 0.08498785323348046 1.509779442590207 0.1025660772999398 1 1154.1709 365.08813 1
 0.08449806357234799 1.509883484353794 0.1025268451687238 1 1303.9246 422.1747 1
 0.0840771082885565 1.509916781983446 0.1025073777107179 1 1431.4111 464.0302 1
 0.08381862813275262 1.509960730949242 0.1024831864109749 1 1510.8721 491.47217 1
 0.0838765009774214 1.510002656170992 0.1023750682111933 1 1503.2085 469.6851 1
 0.08415967395941817 1.510025661760297 0.1022393923139671 1 1432.5784 417.66528 1
 0.08458024390580313 1.509983422719519 0.1020878912597638 1 1326.8674 338.6979 1
 0.0851600275751833 1.509926479858388 0.1018911795649652 1 1184.57 236.05347 1
 0.08577330397713016 1.509795646605476 0.1017665040155697 1 1029.2782 135.91182 1
 0.08654077198122488 1.50976724350341 0.1016153090470352 1 844.43207 44.58977 1
 0.08403087689931112 1.509956311836767 0.100141996033593 1 1653.9077 4.6654315 1
 0.08374850651088443 1.509932451402883 0.1000587774893443 1 1735.0706 5.957566 1
 0.08377924780648253 1.512189463724745 0.09761196379763235 1 1802.6127 34.095924 1
 0.0836359102821502 1.512184121502295 0.09795995274853699 1 1814.4344 89.94192 1
 0.08369082445833526 1.512142263283634 0.09833121490748761 1 1784.4384 132.64595 1
 0.08396457705347284 1.512075508338255 0.09859482007639232 1 1713.1184 143.26028 1
 0.08437952366922191 1.51200479226336 0.09876976409544964 1 1614.7802 131.46133 1
 0.08493931871978293 1.512047053083395 0.09888434731826565 1 1485.8358 120.455765 1
 0.08558814875063844 1.512001306479195 0.09892991618410668 1 1345.2982 81.18744 1
 0.08623468123924802 1.511932487357131 0.09901101030070918 1 1202.8517 42.39821 1
 0.08691714614509265 1.511934133229557 0.09908701170139085 1 1055.6072 14.557908 1
 0.08753452333575461 1.511945968078694 0.09918982023945379 1 922.52466 0.2552817 1
 0.08801837309011538 1.512023835522817 0.0993302656604939 1 814.7975 3.8343623 1
 0.08832071729966007 1.512039981003399 0.09952129155375172 1 737.9062 16.204962 1
 0.08846386136209881 1.511949485346689 0.09969644536917685 1 690.41095 18.460768 1
 0.08641204507596671 1.511739953037968 0.10050539115559 1 1029.4661 225.74335 1
 0.085848466395696 1.511748099135638 0.1004149248665205 1 1163.8894 251.18277 1
 0.08527125366756928 1.511751111080424 0.1003256726063298 1 1303.4392 276.28488 1
 0.08471073473608669 1.511838970340089 0.1003170626930839 1 1432.5641 328.25336 1
 0.08421999471709478 1.511927060523648 0.1003819199006571 1 1540.378 388.2636 1
 0.08380440182787591 1.511961436993726 0.1005464082081056 1 1625.166 453.61697 1
 0.08352129606543285 1.51198664405138 0.1007744770592281 1 1675.4415 520.4928 1
 0.08348976738070234 1.512027256593041 0.101005919270001 1 1665.0656 572.6682 1
 0.08363736242803541 1.512071950769425 0.1012567111095377 1 1609.0973 616.35376 1
 0.08390080202891945 1.511940022084445 0.1015007954474215 1 1528.3492 623.1022 1
 0.08429702444496318 1.511798438354415 0.1017294217241407 1 1413.1978 614.1396 1
 0.08487283294953463 1.511710665515676 0.1018455826399754 1 1259.7832 576.54346 1
 0.08555544942634477 1.511761830508257 0.1019325680216457 1 1083.3741 547.1154 1
 0.08623763685315726 1.511840870543692 0.1020374504758185 1 910.4019 526.3858 1
 0.08689680992055134 1.511871635581271 0.1021011102059392 1 752.1259 492.746 1
 0.08748876793899185 1.511883906381684 0.1021473887570545 1 615.51636 459.09952 1
 0.08795809196496626 1.511867670636256 0.1022428959940296 1 502.3599 439.38953 1
 0.08821654725835837 1.511872339829502 0.1024580720090203 1 420.9059 459.76596 1
 0.08810405199365684 1.511727907051778 0.1029415751330925 1 376.4569 534.205 1
 0.08785902659202621 1.511681856093126 0.1030912820067832 1 407.5183 574.7898 1
 0.08746627675906743 1.511645438405976 0.1032129413323248 1 477.5018 624.2598 1
 0.08696495147754961 1.511613352852652 0.1032872415654676 1 582.0356 677.6452 1
 0.08638996903168028 1.511586084134046 0.1033077319101243 1 716.62976 728.24554 1
 0.08577926302746222 1.511601324605726 0.1033021663231462 1 870.1541999999999 784.64154 1
 0.08519449260790907 1.51162564269378 0.1032122984108892 1 1031.7672 821.69147 1
 0.08463328415332357 1.51159693856857 0.1030769944280433 1 1194.1561 839.4416 1
 0.08414683769468924 1.511654447114063 0.1029812502156561 1 1333.4957 871.3821 1
 0.08372539135236139 1.511763552480031 0.1029990248811335 1 1442.7699 930.42633 1
 0.0834407506064937 1.511883620394827 0.1031192283940812 1 1505.4105 1002.24524 1
 0.0833032897236194 1.511979457274255 0.1033751317258891 1 1514.7966 1088.2334 1
 0.08324427415493245 1.511981130481266 0.1037618045008229 1 1492.9153 1187.6208 1
 0.08483302838080667 1.512007610112181 0.1044464658249348 1 983.2212500000001 1196.186 1
 0.08550673153986493 1.511966986615848 0.104532880488184 1 794.24414 1144.559 1
 0.08623889036749385 1.511914264573728 0.1046107508687945 1 595.2378 1080.1017 1
 0.08692969679605077 1.511930058506033 0.1047661717905206 1 405.93265 1046.9854 1
 0.08760183548969767 1.5120418057696 0.1049037694737206 1 237.78613 1024.7059 1
 0.088139468185613 1.512085153913211 0.1050735743644805 1 98.41952999999999 1013.93195 1
 0.08871602325204511 1.513268135107974 0.1053754098223379 1 27.04337 1164.2224 1
 0.08813674823131108 1.513259212908668 0.105285687859843 1 152.03473 1197.917 1
 0.08499506501533273 1.513329390742183 0.1038270304629232 1 1027.9668 1196.9717 1
 0.08570029830267564 1.513260370008308 0.1038385623135993 1 861.35657 1130.2845 1
 0.08644104807917002 1.513311659609898 0.1038098826195156 1 698.36316 1064.1426 1
 0.08716047234743379 1.513326694712875 0.1037276670451019 1 552.3248 986.7689 1
 0.08786220783228757 1.513274945725605 0.1035596578282408 1 424.33423 888.8765 1
 0.08843098643962198 1.513273269370918 0.1034764560802943 1 321.03168 827.0548 1
 0.0888329725220315 1.513298721008393 0.1034112992927982 1 252.77487 786.8404 1
 0.08902611638286381 1.513396752138412 0.1033259337933472 1 231.70238 769.36 1
 0.08899058874145528 1.513392979301585 0.1031720427973299 1 255.66147 744.7562 1
 0.08873968582285698 1.513319668210944 0.1030167357416422 1 318.21518 727.2981 1
 0.08831450427683099 1.513212847877924 0.1028424383717522 1 415.60876 714.6256 1
 0.08776684655959412 1.513097427246236 0.1026716344910266 1 539.8213500000001 710.1614 1
 0.08712936004455353 1.51308034153396 0.1025386209680448 1 686.0661 732.3642599999999 1
 0.08642590774108315 1.513068154510215 0.1024693715917234 1 843.8951 772.98376 1
 0.08571173039360785 1.513139979707093 0.1024232870832927 1 1007.56287 830.36316 1
 0.08501154978926928 1.51323405724451 0.1024162486884419 1 1166.7694 896.04083 1
 0.08444465910972287 1.513306538863715 0.1022772491651885 1 1309.2072 924.7213 1
 0.08398478895346742 1.513391751509821 0.1021755449020084 1 1422.5951 951.9182 1
 0.08364587472397357 1.513432245023783 0.1020901392048696 1 1506.6992 966.7461 1
 0.08347125807980769 1.513463624282536 0.1019216998704475 1 1559.293 950.9084 1
 0.08339293665517732 1.513496429609702 0.1017800658411919 1 1587.1874 933.28876 1
 0.08350076951065911 1.513522331717117 0.1016092642841321 1 1575.1257 895.5275 1
 0.08380234466247927 1.513490342215022 0.1015212818205832 1 1514.8813 851.7560999999999 1
 0.08489613936638692 1.513381738650463 0.1013579786573285 1 1287.4805 726.20703 1
 0.08558243404661463 1.513298043314305 0.1013113779795537 1 1143.0106 657.061 1
 0.08628304406064081 1.513262665878459 0.1012681861909335 1 997.94037 594.9547 1
 0.08695692339042337 1.51315625415568 0.1011656196647781 1 867.0383 515.7871 1
 0.08758201529236539 1.51311282702972 0.101043194272413 1 752.7632 448.60138 1
 0.0881336853301639 1.513157299889217 0.1009209274171217 1 659.1174 400.17795 1
 0.0885738502645019 1.513234504886939 0.1007793358793779 1 593.21906 362.32288 1
 0.08887483445736469 1.513231092944761 0.1005910228716527 1 557.3499 315.99918 1
 0.08754346137790459 1.512983101461497 0.09991819897721756 1 867.4856600000001 259.45514 1
 0.08686200291893377 1.512994663643185 0.09978999910391755 1 1012.8203 282.6629 1
 0.08612167170098615 1.51308847303594 0.09981601505050869 1 1159.6224 345.61588 1
 0.08542159222862837 1.513143367156884 0.09975553095491371 1 1307.7233 388.36176 1
 0.08477992793533673 1.513176671637601 0.09978936654677614 1 1438.4312 439.699 1
 0.0842138432048003 1.513187472032832 0.09977529037317164 1 1558.3138 476.76407 1
 0.08375561234024421 1.513327825278684 0.09970981905933336 1 1655.9011 516.12836 1
 0.08341360004868982 1.513392398378415 0.09951911339248004 1 1737.28 516.7325 1
 0.083204609280636 1.513459500841737 0.09932482225087713 1 1789.6975 508.36423 1
 0.08320441085282393 1.513485879394442 0.09912058242548041 1 1800.3418 479.6585 1
 0.08343980036451303 1.513430454498553 0.09908509784532606 1 1755.889 451.51608 1
 0.08384472041218971 1.513403993989631 0.09905872432343311 1 1675.5609 418.0592 1
 0.0843701335972588 1.513342430542813 0.09899060273058362 1 1574.3528 366.0874 1
 0.08504154724070452 1.513374008777768 0.0989501764520949 1 1441.5142 323.3114 1
 0.08577796633254814 1.513323097440244 0.09884056788434031 1 1304.2928 256.4604 1
 0.08653426207136156 1.513282763403298 0.09866390308828994 1 1171.4957 183.17403 1
 0.08724359554063078 1.513299972246169 0.09848154669416896 1 1052.889 122.419945 1
 0.08783602379865366 1.513323682037413 0.09835237920726639 1 955.76886 78.63244 1
 0.08832334441418414 1.513308635873267 0.09816928092011316 1 884.51514 29.653713 1
 0.08868529244547602 1.513377361979905 0.09803804640982586 1 833.8895 6.1897984 1
 0.08683025731801179 1.513415860196703 0.09737015168189202 1 1212.4106 20.789436 1
 0.08606183935132597 1.513476054355359 0.09741567011890036 1 1348.3798 73.68304000000001 1
 0.08535724315170745 1.513582511526675 0.09751169706440505 1 1471.4048 137.83182 1
 0.08475626745862341 1.513606946371704 0.09753040528729122 1 1582.2269 176.13295 1
 0.08426395781684833 1.513605157643427 0.09758936193485562 1 1671.8068 211.16275 1
 0.08386004542211445 1.513579887350223 0.09755489466476128 1 1751.0416 225.99077 1
 0.08353827939382512 1.513578432127413 0.09744659307444577 1 1817.4657 229.45479 1
 0.08334463379948931 1.513638163000099 0.09726644741947647 1 1860.7325 224.6884 1
 0.08334185941981402 1.513680349039292 0.09704068957360794 1 1870.3003 200.33539 1
 0.08360375924363894 1.513630989100887 0.09690804719349773 1 1829.0331 162.36694 1
 0.08404641896603758 1.513510182461658 0.09677339884154725 1 1756.6705 104.809265 1
 0.08464007197616896 1.513369958238756 0.09658717400517798 1 1659.7903 31.220022 1
 0.08466415080948377 1.514437103505751 0.09510308371524671 1 1705.8439 4.064591 1
 0.08409748886071854 1.514431255667527 0.09520236478230536 1 1796.0231 40.96638 1
 0.08361865254745769 1.514440398181618 0.09538343818593506 1 1869.0002 85.54192999999999 1
 0.08326834785395383 1.514470258413058 0.09555587437503617 1 1918.7109 126.42838 1
 0.08327397788731637 1.514582255259283 0.09609485333946559 1 1895.4955 203.44713 1
 0.08366684467496127 1.514473132049111 0.09616867121144392 1 1827.437 178.4996 1
 0.08642164864151849 1.514286340128534 0.09662424105194882 1 1330.5144 71.12132 1
 0.08715642869994006 1.514253961092939 0.09657102842740223 1 1209.7854 26.086922 1
 0.08875384265457983 1.514273685007982 0.09698342610115117 1 919.01086 3.1191301 1
 0.08902241155004233 1.514267800773777 0.09711430732563237 1 865.951 4.846225 1
 0.08907707376616926 1.514282106372634 0.09728346810304317 1 844.32184 23.14149 1
 0.08893669838588081 1.514293982753403 0.09743985672813135 1 854.6660000000001 48.634594 1
 0.08863263990572538 1.514312882252504 0.09756968681695255 1 894.01886 79.832886 1
 0.08819896820377478 1.514252056438474 0.09768323202069289 1 956.10657 105.43296 1
 0.08761468184898523 1.514256843866915 0.09785455354077634 1 1041.9363 155.06465 1
 0.08696699121701233 1.514233404280508 0.09795193066956821 1 1147.0293 196.9494 1
 0.08629366707303689 1.514282471233328 0.09801308876638912 1 1262.1117 246.6019 1
 0.08561309030986269 1.514407521925494 0.09811830414006446 1 1376.9972 313.52567 1
 0.08501323765703592 1.514440998306222 0.09810408829306139 1 1487.029 349.29593 1
 0.0844320781148155 1.514488178361986 0.09824204076716653 1 1584.9644 407.42374 1
 0.08396063630932801 1.51451310929192 0.09830729685946375 1 1668.6104 446.8309 1
 0.08357447446210534 1.514527162414201 0.09844196827125677 1 1733.1731 490.61148 1
 0.08334290633272842 1.514534950148256 0.09853822245469895 1 1771.4174 519.31573 1
 0.08331662595548542 1.514533095891354 0.0986667432608692 1 1769.7711 539.6063 1
 0.08347643651389024 1.5143966057117 0.09887140011987855 1 1732.1354 543.37744 1
 0.08379058244496111 1.514386883055874 0.09910208683356268 1 1658.722 557.56104 1
 0.08428795238402804 1.514410956443383 0.09917373167865345 1 1557.6768 540.6994999999999 1
 0.08486193057469449 1.51443494823161 0.09930856282843177 1 1438.1635 528.64514 1
 0.08549156535791951 1.514415471741701 0.09945567072364909 1 1307.7583 509.70087 1
 0.08616724598270911 1.514379628667673 0.09954850821177851 1 1173.2343 478.02365 1
 0.08689281660407687 1.514347274458414 0.09953279147707755 1 1039.4572 428.98697 1
 0.08758604657212743 1.514319470334086 0.09960224074091824 1 907.60876 395.04944 1
 0.08824252753369272 1.514289713993031 0.09963281390145598 1 788.0594 358.68167 1
 0.08877002466965904 1.514267621365612 0.09971543132045552 1 688.6102 337.769 1
 0.08904661000335104 1.514249504972934 0.09995544461452636 1 618.7892000000001 353.0138 1
 0.08911336751277199 1.514239665025067 0.1002076001707787 1 583.4219000000001 382.41266 1
 0.08898560687331113 1.514225429896063 0.1003755038796773 1 588.6719399999999 411.9226 1
 0.08868228449483606 1.51421201247634 0.1004583046265963 1 633.28687 439.6878 1
 0.08820833840969439 1.514265951783814 0.1005351123760843 1 711.2692 486.0213 1
 0.087593907370493 1.514278720471373 0.1005903995317283 1 818.0886 533.53406 1
 0.08688156014269993 1.514250098831141 0.1006368936061533 1 947.0729 582.03955 1
 0.08610780921472327 1.514353713382533 0.1007004405511094 1 1091.722 655.2148999999999 1
 0.08536384114433337 1.514385543602124 0.1007795329149503 1 1232.1298 721.30597 1
 0.08469974839185831 1.514406938396888 0.1008744914184487 1 1358.4086 784.9868 1
 0.08415008139019547 1.514435972349942 0.1009375583352129 1 1465.6461 837.1694 1
 0.08370455986198345 1.514452842778358 0.101080319211786 1 1547.155 895.07336 1
 0.08339874483403945 1.514461941991295 0.1012590662581386 1 1598.0328 949.393 1
 0.08326033078785366 1.514434165288367 0.1014917026553335 1 1611.5326 998.7831 1
 0.0833368267405929 1.514428020581423 0.1016653722142998 1 1583.0542 1024.4548 1
 0.08361599653105717 1.514416628635871 0.1017532260949574 1 1517.3699 1019.0994 1
 0.08401785062231519 1.514335675330892 0.1018641488846594 1 1424.708 1000.8411 1
 0.08457117707071476 1.514316934553266 0.1019209722352507 1 1302.4966 967.67377 1
 0.08526822080229993 1.51422454479672 0.1018516635879889 1 1162.2216 893.09576 1
 0.08596180469929064 1.514214853090708 0.1019033515595196 1 1014.1243 850.2657 1
 0.08663159964120067 1.51429497568949 0.1020201896332839 1 869.0442 831.4301 1
 0.08872822560749931 1.514196447116527 0.1023178442227966 1 437.2597 720.5744 1
 0.0889223482860725 1.514188921772904 0.1024743081781481 1 385.02335 731.4597 1
 0.08891608010535763 1.514168205099863 0.1026633113617733 1 365.00162 760.5377999999999 1
 0.08870018581330961 1.514183412981269 0.102832681499128 1 386.11124 806.2168 1
 0.08835061350810659 1.51417281171709 0.1029015973261487 1 442.8462 842.10974 1
 0.08785791401917292 1.514197449070945 0.1029489677272045 1 531.9594 890.3735 1
 0.0872403044246782 1.514176297591335 0.1029748139303479 1 649.0417 939.96405 1
 0.08652270250272262 1.514206727975109 0.1030094118909162 1 791.32007 1006.09827 1
 0.08507444186504842 1.514338611068448 0.1029817998225241 1 1100.8824 1131.2378 1
 0.08442359303094145 1.514358501608814 0.1030383445479096 1 1236.8463 1195.5084 1
 0.08749827358201051 1.514196055026072 0.1043842431593362 1 443.47293 1181.8846 1
 0.08806455587507035 1.514169032580296 0.1044980216610722 1 317.62146 1151.0887 1
 0.0885239828402667 1.51414590583582 0.1046407616333076 1 211.8905 1135.3739 1
 0.08885222990652555 1.514127611583834 0.1048159435832821 1 128.95486 1137.2825 1
 0.08895109608341889 1.514116924817731 0.1050766486822244 1 78.69155000000001 1175.831 1
 0.08797698415153814 1.510042751343626 0.1021037318667048 1 436.33173 90.68196 1
 0.08789758102238554 1.510112210384879 0.1032495155296972 1 289.43878 329.48013 1
 0.08793702779767569 1.510690755063137 0.1049453355157898 1 52.1063 799.63855 1
 0.08799684455851942 1.510658269927402 0.1040403965841839 1 180.28804 586.5044 1
 0.08804471365140323 1.51062215556427 0.103094118016166 1 308.89645 381.72186 1
 0.0880829905498287 1.510570649915385 0.1021419509252734 1 431.73032 190.81554 1
 0.0881262590164265 1.51054932021448 0.10121060129376 1 543.8064000000001 24.79945 1
 0.08768513428464186 1.511404551013277 0.1008516476194288 1 709.1486 145.78162 1
 0.08755873462798681 1.511320677504504 0.1019585772463603 1 603.3132000000001 327.57477 1
 0.08746408573598997 1.511325354674576 0.1030355961932193 1 486.80878 537.1501500000001 1
 0.0874079333351061 1.511366577067404 0.104058866601533 1 360.21063 761.71173 1
 0.0873904084693726 1.511375472754283 0.1050195100853536 1 224.05853 979.183 1
 0.08738854473584326 1.511377468602704 0.1059292033301619 1 85.28576 1195.3575 1
 0.08770447140514732 1.512733114296087 0.1053569902390919 1 199.3936 1196.3284 1
 0.08778884798114862 1.512729985207138 0.1045600485949469 1 286.35764 1023.29517 1
 0.08783651633385875 1.512674105878871 0.1037536447791501 1 376.7144 850.3342 1
 0.08786520323106958 1.512685397235554 0.1029431060908939 1 471.16312 695.638 1
 0.08792176738937241 1.512689580237275 0.1020634992999136 1 562.5492 534.89417 1
 0.08796037698067827 1.512660644719062 0.1011708352638003 1 652.5671 379.296 1
 0.08799684076452359 1.512674860098774 0.1002369423956495 1 742.80316 234.665 1
 0.08802126753983366 1.512700961567674 0.09927490182111222 1 831.9996 99.30526999999999 1
 0.08806995027740644 1.513911049738722 0.09743206219350888 1 993.8775000000001 36.89834 1
 0.08805657751879546 1.513926415398552 0.0983697205659346 1 922.3547 153.13283 1
 0.08796540466315 1.513744318768529 0.1024341328418586 1 550.37415 738.3284 1
 0.08792866270076934 1.513753813389421 0.1034305277861091 1 447.3169 918.48596 1
 0.08788602285289222 1.513763450148314 0.1044023024638769 1 342.7816 1107.6434 1
 0.08593897054511941 1.508448559649668 0.1065058935229317 1 93.552734 1079.9492 1
 0.08605913679759829 1.508481939042859 0.1058130593233023 1 211.27473 836.7222 1
 0.08615709875564302 1.50850912542074 0.1051040175132337 1 331.08917 611.34644 1
 0.08603238403611657 1.508899840925022 0.1055387950236158 1 316.5322 845.0971 1
 0.08585580028034362 1.508865773312133 0.1065022578032092 1 171.19507 1173.4874 1
 0.08606545416473944 1.509977375561327 0.1055795101854634 1 383.7887 1056.0496 1
 0.08614403006165355 1.509994442109202 0.1046326040984839 1 522.7478599999999 792.4782 1
 0.08619264245948463 1.50999172276791 0.1036575625234436 1 661.8588999999999 545.4129 1
 0.08623921084692826 1.509991419018948 0.1026618321474801 1 791.6924 319.53928 1
 0.08630195362285131 1.50996012157085 0.1016168708459434 1 909.1948 101.935326 1
 0.08659858356695523 1.510919318397719 0.1011981063058637 1 902.91437 189.62978 1
 0.08656714367861176 1.510899533512701 0.1024623643514205 1 759.2191 424.0362 1
 0.08651370343799845 1.51085379990391 0.1036221726238553 1 616.54407 664.52606 1
 0.0864507958721082 1.510775690951291 0.1046933560219882 1 471.99158 909.3059 1
 0.08633622476464239 1.511773161094341 0.1042413241544048 1 614.5491 966.1765 1
 0.08641159602368216 1.51183545066497 0.1031224742814963 1 742.3354 724.99945 1
 0.08648207459505604 1.511886859878014 0.1020048017521333 1 857.94586 508.81857 1
 0.08651990764387125 1.511883320681042 0.100887112131898 1 968.6377 307.16364 1
 0.08651146334405166 1.511842111917578 0.09975976505094855 1 1078.8237 121.09785 1
 0.08647608286020517 1.512526069017781 0.09891428714657285 1 1161.7241 109.29537 1
 0.08649629361302014 1.512503088946744 0.1002964843368046 1 1037.3303 309.9121 1
 0.08650008696312939 1.51246438551012 0.1016240936438141 1 905.4967 527.1475 1
 0.08649692955718342 1.512452650285608 0.102901811721631 1 765.6393399999999 765.5184 1
 0.08649765765706145 1.51244603392993 0.1041268736857976 1 617.2839 1017.3483 1
 0.08612899983801565 1.51302427258938 0.103750657390526 1 767.0177 1045.1844 1
 0.08618670128561878 1.513086262262052 0.1024963322743127 1 894.0762 798.0031 1
 0.08622895241204077 1.51313086218674 0.1012620872178727 1 1008.4919 579.6867999999999 1
 0.08626514788859918 1.513164355968224 0.1000429787807972 1 1111.5286 382.577 1
 0.08629886397186516 1.513200803765231 0.09884984308705204 1 1202.2737 210.59009 1
 0.08631279445059059 1.513278655123949 0.09767667741904548 1 1285.6287 65.64216999999999 1
 0.08609375282436682 1.514345224229937 0.09588027990186053 1 1429.5156 10.412951 1
 0.0861080368045905 1.514326172266389 0.09701527998366284 1 1359.9952 137.5781 1
 0.08612000993041785 1.514359745006761 0.09820555271126626 1 1279.7594 291.3533 1
 0.0861320294458881 1.514311797403002 0.09944786519783144 1 1187.5552 456.95755 1
 0.08614778000503799 1.514253582740881 0.1006912313879453 1 1084.0205 638.0066 1
 0.0861418376657503 1.514124897175709 0.1019277740101651 1 973.9447 830.7175999999999 1
 0.08607322769368574 1.514090266531591 0.1031888425719411 1 864.2734 1063.0477 1
 0.08395884657193962 1.508169841161828 0.105396424977089 1 1084.3761 934.0895400000001 1
 0.08517747012231058 1.509753225457531 0.1029213449535982 1 1052.7384 422.332 1
 0.08514561108403243 1.509621333133168 0.1041775280939032 1 882.8857400000001 710.5915 1
 0.08504070965629131 1.509521662117724 0.105362084241679 1 720.02496 1046.5563 1
 0.08471714126390766 1.510519131098206 0.1047224449172143 1 956.2993 1071.1979 1
 0.08485478714092545 1.510514995167782 0.1035729496650392 1 1070.8234 756.27826 1
 0.0849303915127623 1.510495923819742 0.102428532674599 1 1187.3561 481.87936 1
 0.08498040462232424 1.510490627627553 0.1012530581157445 1 1298.2849 238.4705 1
 0.08500445237177587 1.51047828533276 0.1000661172002047 1 1401.1211 25.13404 1
 0.08470874699861351 1.511348743519404 0.09898266179489801 1 1541.0521 33.228607 1
 0.08471270152509572 1.51135924852626 0.1002976848739091 1 1440.6443 244.49979 1
 0.08469828708210289 1.511351162241965 0.1016067611144083 1 1329.2238 484.43076 1
 0.08467236970671023 1.511306771184398 0.1028589446760324 1 1208.3168 741.2704 1
 0.08462423797161517 1.511245860114347 0.1040455959360849 1 1082.9045 1016.64325 1
 0.0847434346100313 1.512527104068636 0.1038821930463837 1 1078.0035 1140.7428 1
 0.08480274397981956 1.512482474040423 0.1026995838261598 1 1189.0165 871.9145 1
 0.08483944575627385 1.512429519120866 0.1014843873131284 1 1296.4735 620.8068 1
 0.08488224754753448 1.512432147476259 0.100233149061033 1 1392.2223 396.2063 1
 0.08490701641359114 1.512424262090566 0.0989474469745477 1 1482.529 190.8739 1
 0.08489118426669366 1.512403672273291 0.09767509305337702 1 1568.7653 12.467017 1
 0.08449567161294066 1.513130269770965 0.09678099828347636 1 1681.4032 28.405764 1
 0.08454761306156121 1.513074430232231 0.09822830219334168 1 1591.2644 207.13794 1
 0.08457163588071839 1.51300696393209 0.09960594455615085 1 1497.6497 400.2132 1
 0.08455820904717112 1.512952845344333 0.1009890346064478 1 1397.2708 626.5141599999999 1
 0.08452490017637714 1.512863355733079 0.1022731040027173 1 1295.1144 858.8849 1
 0.08447728072588678 1.512825117771987 0.1035049463023143 1 1185.7896 1117.9017 1
 0.08465317295802394 1.514256742673839 0.102805978837106 1 1208.6158 1122.5629 1
 0.08467667198870273 1.514235309608434 0.1016311624258313 1 1304.8387 898.39276 1
 0.08466601715372676 1.51428317915629 0.1004233746246704 1 1400.6082 697.9054 1
 0.08461252305476046 1.514300652674017 0.09919082623532022 1 1495.8135 509.55545 1
 0.08454906830338069 1.514332830826333 0.09796582021273936 1 1582.27 342.86404 1
 0.08446598747968061 1.514404235100559 0.09679914599149314 1 1659.1079 205.33421 1
 0.08436457187676939 1.514424493797159 0.0957024029640525 1 1729.2504 82.97875000000001 1
 0.08520044759240725 1.511740450265875 0.09920880122512654 1 1409.5876 101.965515 1
 0.08538722402339925 1.511912994179409 0.1001722315377914 1 1289.0906 269.26114 1
 0.08555342245575012 1.511886606726614 0.1011296549728401 1 1164.6309 417.70972 1
 0.08579996784683491 1.512019193215714 0.1017837153271779 1 1042.4587 540.302 1
 0.08603318373117377 1.512070905692733 0.1021433942607035 1 950.3074 598.6473999999999 1
 0.08620336685393748 1.511968354107303 0.1030831762025511 1 800.6013 756.1334000000001 1
 0.0862203206116661 1.511916396213575 0.1035332487328262 1 739.88837 842.0112 1
 0.08624593494265299 1.511946083066187 0.1040476909290798 1 669.104 956.13354 1
 0.08619513351343634 1.511871405547464 0.1045939168922282 1 606.4455 1075.0652 1
 0.08600902713924614 1.511420630386012 0.1051366456561395 1 557.80536 1164.522 1
 0.0872779523519486 1.509555433326907 0.1054061373966928 1 34.58925 782.722 1
 0.08713855316057238 1.51002322265936 0.1046941519866978 1 239.70618 705.229 1
 0.08680543258996866 1.510595903141551 0.1043283071306604 1 424.33722 754.14014 1
 0.08635210365574086 1.511121658939181 0.10437768944979 1 562.908 898.6469 1
 0.08579103786603597 1.511536360316493 0.1046775455678361 1 685.9175 1091.1841 1
 0.08450297042246226 1.508756588366777 0.1057049033547939 1 819.768 1089.6855 1
 0.08520154325980094 1.508745972248601 0.1051705304027874 1 661.4163 809.5592 1
 0.08592912875183824 1.508744153554594 0.1049158544706777 1 461.10843 638.6306 1
 0.08663191229001926 1.508744830870082 0.1049129976516749 1 239.94986 555.08276 1
 0.0872146219053708 1.508792102216606 0.1051516443657113 1 25.894749 564.67664 1
 0.08758839128773106 1.511589935287411 0.1058763903759723 1 63.251793 1188.1753 1
 0.08693606927796281 1.508985228575035 0.1052739090640026 1 100.645966 672.3722 1
 0.08692592048124481 1.509277726867815 0.1040460583036655 1 355.7262 417.26443 1
 0.08702548125358502 1.509503118943667 0.1028725308128807 1 532.27765 197.47064 1
 0.08722274911592677 1.508403656582599 0.1050808389633101 1 2.1313937 456.1009 1
 0.08694139288274967 1.508798649185445 0.104876833911212 1 160.05603 522.9184 1
 0.08677256293411455 1.509320389262002 0.1040829718509509 1 395.0246 452.33133 1
 0.08647778319326437 1.509812877928253 0.1034310127630583 1 609.3971 429.76035 1
 0.08608719635407282 1.510101658412789 0.103217647459591 1 759.4844399999999 475.42755 1
 0.08568461306216085 1.509950359570922 0.1036055321323281 1 813.06366 573.7208000000001 1
 0.08526582686493385 1.509676727165728 0.1044838482400433 1 798.5183 792.17267 1
 0.08485190713364155 1.509163985130313 0.1052918568094526 1 783.0550500000001 982.7445 1
 0.08455803833139496 1.508614022498428 0.1056541897083049 1 802.6013 1034.1083 1
 0.08454431308547976 1.508412929004085 0.1054861512023633 1 832.4829999999999 933.8964999999999 1
 0.08476623693972227 1.508465322095632 0.1048562470159676 1 867.47284 704.1853599999999 1
 0.08507898795036271 1.509306801590901 0.1032666279597388 1 1031.3214 417.56436 1
 0.08501886769461386 1.509929201097144 0.102910788097137 1 1102.8856 470.60568 1
 0.08485218543485958 1.510677227000017 0.102860123766972 1 1159.5249 617.27325 1
 0.08465484590649576 1.511569477679825 0.1032653242969192 1 1167.5616 875.9191 1
 0.08448546116528105 1.512073546384223 0.1040298252357833 1 1126.49 1142.3387 1
 0.08451802879562026 1.513698789366302 0.1028055320947137 1 1241.302 1071.2969 1
 0.08509643201568311 1.513412032365384 0.1027934067210233 1 1111.2186 987.342 1
 0.08564432584059849 1.51308896759827 0.1032200463893432 1 938.91125 986.80804 1
 0.08592761623727745 1.512853130384224 0.1039714709334593 1 783.46136 1088.9852 1
 0.08529648211916439 1.51296425579505 0.1040019516093237 1 932.5901 1167.7317 1
 0.08524406063266056 1.513225219708143 0.1029289651920453 1 1062.7621 978.93353 1
 0.0854354341164613 1.513261013102508 0.1019170484165046 1 1118.956 772.4999 1
 0.0858586540420383 1.51305976349506 0.101203024904991 1 1092.6127 585.6267 1
 0.08652104383067614 1.512756978244569 0.1011311663096331 1 955.0555000000001 483.0566 1
 0.08719825733368984 1.512393653668651 0.1016080443631503 1 754.7429 463.4522 1
 0.08763921243172955 1.512099564968844 0.1024134231546104 1 558.6928 529.5954 1
 0.0877524882235102 1.511748972301475 0.1033527353405583 1 399.633 644.9167 1
 0.08753800750826257 1.51154581334032 0.1043205682009851 1 303.13376 833.3939 1
 0.08705371135221948 1.511647329543541 0.1049791260902745 1 328.9624 1043.9181 1
 0.08654664961036741 1.51188526961491 0.1049535814939317 1 470.17404 1123.6669 1
 0.08635011671524591 1.512143635500056 0.1042453845210195 1 625.33014 1016.9582 1
 0.08650467295584936 1.512253190515848 0.1031256313375296 1 731.91315 780.75684 1
 0.08685967697384307 1.512132847111476 0.1021976339781381 1 756.1997 554.3083 1
 0.08736268513218995 1.511741940771088 0.101870903908521 1 671.32764 395.6518 1
 0.08788049032627121 1.51122302488258 0.1020982288562917 1 510.92996 312.7782 1
 0.08822783382820779 1.510596213112331 0.1026886851116042 1 324.48917 284.90884 1
 0.08692700514430088 1.509450509494325 0.1051455522700439 1 170.01633 733.8928 1
 0.08628174150364458 1.509902633089619 0.1053323578208689 1 357.8317 946.73975 1
 0.08583865046791277 1.510577606517609 0.1048893779818481 1 600.093 994.909 1
 0.08569822437667766 1.511290958004572 0.1039092709252545 1 805.7789 881.0008 1
 0.08578484411017419 1.511672424404977 0.1026233665320149 1 950.0949000000001 651.6948 1
 0.08606640265083859 1.511545542343491 0.1013137662031578 1 1024.2437 357.3066 1
 0.08650145414454445 1.510919871832956 0.1003128578678369 1 1020.2922 48.66017 1
 0.08709786308632601 1.508802938753698 0.1029190119782339 1 470.58017 44.642925 1
 0.08617324293739098 1.50879594580509 0.1051812282114723 1 333.9628 697.5911 1
 0.08547475178880495 1.50890538755493 0.1059235544931197 1 427.31726 1047.3606 1
 0.08443218757273273 1.508700431642591 0.1058096848941016 1 824.93756 1126.5874 1
 0.08447794547539665 1.508597184404555 0.105073902699126 1 941.1915 844.5687 1
 0.08529088824696869 1.509035061107878 0.1017975371569484 1 1155.8047 12.370256 1
 0.08549714107337179 1.512323176497708 0.1003983353378154 1 1243.2944 364.06497 1
 0.08545263522662393 1.512342593642527 0.1019519165287405 1 1108.5345 649.1473 1
 0.08508803858642014 1.512447513952416 0.1032179275521357 1 1064.6066 951.9604 1
 0.084595181594135 1.512814751598488 0.103770020269725 1 1128.8201 1164.3842 1
 0.08424718661779401 1.513242242446469 0.1034046996282183 1 1250.1445 1165.8971 1
 0.08399963732784609 1.51362896706376 0.1025486014648714 1 1383.1774 1053.8009 1
 0.08378825565853813 1.513942667994391 0.1015457803694119 1 1506.1184 913.2429 1
 0.0836392639881853 1.514127930615851 0.1006670246968743 1 1596.9652 788.2716 1
 0.08362076633561778 1.514289034456429 0.09949814172949743 1 1670.7001 617.46356 1
 0.08381141535560468 1.514141190054025 0.09843561869579551 1 1698.5529 426.68472 1
 0.08426366681947643 1.513943639354854 0.09792991159144011 1 1645.418 303.2362 1
 0.08493828650187508 1.51383355005477 0.09792570929820639 1 1520.7172 249.5382 1
 0.08570725049181011 1.513663069980738 0.09834421661809373 1 1350.5872 239.411 1
 0.08624219038900835 1.513509627512155 0.09923179640034975 1 1183.2595 311.7069 1
 0.08629962073988376 1.513311691955433 0.1001658240663977 1 1094.5426 420.43872 1
 0.08543545032617059 1.513402333497331 0.1014341596120798 1 1163.4171 703.3007 1
 0.08491095025841396 1.513637035576737 0.1010848488666418 1 1304.9971 710.7216 1
 0.08467056432697313 1.513730076389362 0.1002036749350119 1 1422.8276 590.3894 1
 0.08480942867665855 1.513480233516967 0.09925448328769046 1 1465.4055 398.09476 1
 0.08532521832962936 1.513182153536107 0.09870778418476733 1 1403.9606 244.299 1
 0.08613645831731591 1.51304867089014 0.09850964301329608 1 1260.1072 151.774 1
 0.08701805633479806 1.513067718943964 0.09842770588385076 1 1097.7568 94.32867400000001 1
 0.08832679783489857 1.510891754222424 0.1015602605573678 1 469.1897 132.95364 1
 0.08802078152789644 1.51095212683513 0.1028519333611536 1 366.79724 395.20502 1
 0.08755196670329357 1.511203998371004 0.1037755918204686 1 357.6719 662.1408699999999 1
 0.08725136544894627 1.511926983308597 0.1040900602875664 1 423.1021 867.0967000000001 1
 0.08726143213449102 1.51299176085325 0.1039047402958603 1 495.61505 971.4020400000001 1
 0.08756191291059655 1.513542867946792 0.1034627602790369 1 508.211 928.64105 1
 0.08845656123349342 1.514233676324103 0.09959244658993058 1 753.21533 334.11398 1
 0.08822649240612482 1.514218077295141 0.09861018020593451 1 877.1233999999999 213.68642 1
 0.08772977582702739 1.514229913806705 0.09811040601960819 1 1002.4813 177.5271 1
 0.08715644747812779 1.514271256185736 0.0983452964160295 1 1084.745 243.19467 1
 0.08662058637960261 1.514342278008664 0.09915782770105093 1 1119.2052 390.7495 1
 0.08623489485585724 1.514353041395203 0.1002893472974845 1 1101.1658 582.33704 1
 0.0860807932100104 1.514238707647199 0.1013516200199332 1 1039.9719 750.02936 1
 0.08623180711575994 1.514052222102527 0.1022159938540415 1 927.3441 866.5319 1
 0.08663650995518908 1.513936803697185 0.1027042089550129 1 793.25446 910.05927 1
 0.08717822612018826 1.513819762395377 0.102704584860028 1 679.55133 854.07184 1
 0.08768398271518475 1.513705873354052 0.1023869640591309 1 609.04865 745.8068 1
 0.08793456180523694 1.513615732055549 0.1015983851063148 1 640.34106 584.1842 1
 0.08777074352663769 1.513595209636768 0.1007514405576689 1 756.1147 457.64233 1
 0.08721610983802115 1.513580849168983 0.09999287907055511 1 932.2333 374.85217 1
 0.08656932591945271 1.513522717543409 0.09981663949093861 1 1072.1942 379.63657 1
 0.08609989077691038 1.513426180904569 0.100609816168688 1 1097.0844 520.33075 1
 0.08563780471125307 1.513252794218973 0.101913606297372 1 1074.8257 755.7384 1
 0.08506685702710742 1.513248111277482 0.1031830216045583 1 1077.9791 1048.8606 1
 0.08390973057452172 1.513711252580457 0.102945926449792 1 1367.5529 1151.4727 1
 0.08395518646325613 1.513928684140527 0.1018332158724099 1 1447.6494 953.52484 1
 0.08409649035756012 1.514004661248774 0.1006182350734302 1 1507.5244 734.3379 1
 0.08422764111314977 1.513980358735965 0.09936503915996793 1 1565.7123 518.9569 1
 0.08426714949406124 1.513843491599451 0.09818839143221919 1 1632.2018 325.48624 1
 0.08442357113713095 1.513305105272971 0.09754359081143019 1 1650.3926 154.919 1
 0.08467097621253115 1.512501958863779 0.09739430618213209 1 1627.3882 4.188376 1
 0.08521032000879684 1.511659978327886 0.09871721913487604 1 1444.4501 16.457973 1
 0.08532082115393938 1.511457884253454 0.09987531084609212 1 1332.0718 150.08627 1
 0.08520271020225481 1.511425309078982 0.1010388607757799 1 1257.2412 350.95956 1
 0.08490463284667037 1.511398315534815 0.1021129735232592 1 1226.1952 576.71313 1
 0.08462869682444649 1.510816207733165 0.1030924805955494 1 1195.3606 715.95715 1
 0.08453949120144184 1.509938669025759 0.1034031693499243 1 1185.1333 638.5977 1
 0.08471725689126229 1.509426756986206 0.1028901179300907 1 1195.3358 389.64252 1
 0.08495371166951883 1.509169540653657 0.1019096712290075 1 1242.5005 93.88306 1
 0.08588449250904003 1.512494090597387 0.09937752698343302 1 1244.8735 205.66324 1
 0.08539059957161391 1.512710091237786 0.1001355431383744 1 1286.8123 387.65125 1
 0.08491905298298447 1.512985156094296 0.1001071260073399 1 1387.5824 454.73004 1
 0.08456645406365014 1.513465362769324 0.09943794037084674 1 1502.5626 439.3386 1
 0.08442438755771793 1.513623027635331 0.09853887553637437 1 1585.8276 335.70847 1
 0.08457162774442305 1.513696807409923 0.09738954075183541 1 1622.9333 180.91754 1
 0.0848882603716853 1.513478792840094 0.09635723024613685 1 1624.5906 6.8550606 1
 0.08352207735594497 1.514184138856493 0.09490917983831103 1 1910.0903 5.096975 1
 0.08340043417689123 1.514316252955114 0.09578274018440935 1 1893.351 127.45989 1
 0.08336905389229862 1.514337640851959 0.09673531456998659 1 1859.0992 244.67212 1
 0.08342395129962574 1.514267062011448 0.09770350434072625 1 1805.8633 362.7145 1
 0.08359127579984101 1.514121721724129 0.09861569539377291 1 1731.54 463.50018 1
 0.0838783742377834 1.514097602763989 0.09913745585691601 1 1646.5809 520.7611000000001 1
 0.08440385157321584 1.513836196578978 0.09894714091129039 1 1560.5629 425.4821 1
 0.085017626874241 1.51355119244475 0.09830645283418162 1 1486.3423 258.27307 1
 0.08555690016164937 1.513178065224496 0.09732642294297759 1 1450.472 47.06005 1
 0.08434771745743873 1.514024699477868 0.09833872049774905 1 1604.478 366.0254 1
 0.08386696800863684 1.514070550946347 0.09807900864712475 1 1709.2207 363.70157 1
 0.08352570078318608 1.514198941802208 0.09739239325492265 1 1804.2357 306.3156 1
 0.0833899796137392 1.514201029093106 0.09638388180057259 1 1874.2063 184.12537 1
 0.08339568605419273 1.51417113031642 0.09524606289521835 1 1917.6067 47.17828 1
 0.08452809380639946 1.514298669956531 0.09582671336585546 1 1698.1035 73.08652499999999 1
 0.08464694313635862 1.514297932543972 0.09712650424817776 1 1611.6678 223.37827 1
 0.08504404499970074 1.514112276657533 0.0979487242839725 1 1495.3673 284.1752 1
 0.0856707170179606 1.51388970842872 0.09809509625931863 1 1372.4355 239.22188 1
 0.086344042613429 1.513698421709444 0.09768009925084419 1 1277.9359 123.41466 1
 0.08657575583066518 1.510802856212756 0.1005651667751001 1 975.6783 63.297688 1
 0.08625893351218956 1.511240833937729 0.1013750663774027 1 968.9745 302.34625 1
 0.08612782732960043 1.511865206396037 0.101485669523236 1 995.6367 436.3669 1
 0.08617788574592608 1.512429839568733 0.1010323807181454 1 1035.4094 441.33087 1
 0.08634447971542468 1.512728562810182 0.1002022072088825 1 1079.3182 338.7916 1
 0.08652853344626607 1.512900513147055 0.09913205442622146 1 1134.6487 193.37207 1
 0.08665833680395592 1.512971645354136 0.09808346631234265 1 1191.9891 55.01437 1
 0.08766978740384306 1.512293924887108 0.0992562740279183 1 894.38293 53.63473 1
 0.08758444994931545 1.512211367865795 0.1001821917170867 1 820.03265 179.81308 1
 0.08746945302953468 1.512241838651599 0.1009962904391693 1 759.78766 318.96542 1
 0.08734365326202358 1.512275089577932 0.1016830546262042 1 712.55035 448.38077 1


