# Created by Octave 4.0.0, Thu May 23 15:02:44 2024 PDT <caveman@RiffellCave1>
# name: corresp
# type: matrix
# rows: 493
# columns: 7
 0.0841933394858173 1.508376615137423 0.0944603806000455 1 479.06064 114.84499 1
 0.08481624428750914 1.50832839206882 0.09421519621240343 1 707.4223 139.50272 1
 0.08552781501090151 1.508307613897258 0.09397731919874631 1 977.1042 166.50613 1
 0.0862500554617988 1.5083379883473 0.0938011944628253 1 1252.9363 195.83653 1
 0.08690055225450559 1.508310334847768 0.09360212480872224 1 1504.1425 220.54378 1
 0.08746117779096882 1.508272773192433 0.09345397652793203 1 1716.7501 233.56993 1
 0.08794212534733731 1.508196965501508 0.09332987078473678 1 1898.9095 234.36082 1
 0.08760261957415441 1.508080820667296 0.09287423072822791 1 1851.2317 351.51068 1
 0.08704401114121432 1.508196822136703 0.09294227355328823 1 1632.1691 381.24078 1
 0.08641643316566894 1.508167597491658 0.09288008897875943 1 1403.0365 420.93768 1
 0.08580660786610497 1.50816115624997 0.09277305745715402 1 1170.1523 483.18967 1
 0.08523101110600062 1.508187332760416 0.09268720674757523 1 939.2709 547.40216 1
 0.08467145769633554 1.508213801790703 0.09270246026628781 1 705.9664299999999 577.29913 1
 0.08416222469270722 1.508207663140359 0.09267494692437565 1 493.6896 611.7019 1
 0.08479505614470806 1.508460708037836 0.091707530645672 1 812.8247 991.1236 1
 0.08543891173200611 1.5084520378846 0.09142591459881856 1 1113.8306 1063.5682 1
 0.08612820112028537 1.508474344677057 0.09114727284233129 1 1436.467 1134.0349 1
 0.08677323345083607 1.50844436151711 0.09087779704775931 1 1738.7421 1188.8779 1
 0.08692032624041249 1.508779801412121 0.0912954061937902 1 1718.3972 1074.7499 1
 0.08626112510630504 1.508820782527363 0.09137380569244941 1 1448.0354 1096.2125 1
 0.08557669773858034 1.508830719679613 0.09136997879315166 1 1167.2861 1142.7976 1
 0.08491712503270875 1.508832835744198 0.09134321998457279 1 891.2565 1190.3422 1
 0.08382708164779633 1.509098526595015 0.09305518625436297 1 406.15 691.97 1
 0.08433729335927512 1.509148467456 0.09315974237261625 1 592.77014 646.1661 1
 0.08491548794211566 1.509247289116594 0.09321629653369184 1 800.9595 622.69104 1
 0.08547798414755224 1.509148249890583 0.09320049951087825 1 1002.19104 582.6703 1
 0.08607327320864842 1.50910083812065 0.09314936720941995 1 1218.0947 561.9858400000001 1
 0.08665860720167939 1.509103318382297 0.09309680487584122 1 1426.2357 552.475 1
 0.08718085772940126 1.508998162818511 0.09305445384257439 1 1613.3524 521.0751 1
 0.08768389208397523 1.508965354788256 0.09302416222547118 1 1784.4569 502.20752 1
 0.08812159359445443 1.508959859495901 0.09299094746169223 1 1918.682 492.87375 1
 0.08833541767954678 1.508919983694024 0.09418532679716587 1 1861.7969 166.33597 1
 0.08798373480343363 1.508927235751815 0.09435946078664303 1 1740.4127 135.81352 1
 0.08758685670262838 1.508921668656639 0.09446436848150104 1 1611.1857 118.74387 1
 0.08716844304526983 1.508945280997617 0.09457343061926532 1 1473.2762 111.60601 1
 0.08673659090479505 1.508995668140668 0.09465983235481328 1 1330.0807 115.09183 1
 0.08627562414493713 1.509025714043255 0.09473134189070255 1 1178.8962 119.343025 1
 0.08579525924769076 1.509006077483871 0.09479816553291988 1 1021.60144 115.290085 1
 0.08531178064976974 1.508961696260407 0.09482854800636056 1 863.6503 115.49127 1
 0.08484845295292481 1.508932607907261 0.09482917069012567 1 711.86163 125.624954 1
 0.08439789590007678 1.508860530253933 0.09484437358672079 1 560.81134 123.99054 1
 0.08403142507138743 1.508807485803069 0.09486786451161058 1 438.38086 122.6327 1
 0.08378640408188212 1.508803060622704 0.09496636734942381 1 357.59998 108.90948 1
 0.08366695679624685 1.508849053546493 0.09517975538301836 1 321.32236 74.75979599999999 1
 0.08367588493666406 1.508925391043833 0.09546754496028365 1 328.50992 26.66301 1
 0.08561782427527929 1.510079311290799 0.09638620687089469 1 898.61945 9.641999999999999 1
 0.08627458158592149 1.510133843355219 0.09612834150635789 1 1085.3599 50.540916 1
 0.08691516658271888 1.510158667138142 0.09588664587362926 1 1268.7894 85.000244 1
 0.08750752466923845 1.510194414609749 0.09569593941974586 1 1435.6182 114.27384 1
 0.08801931971740846 1.51021416803096 0.09556851387386162 1 1575.8798 131.03828 1
 0.08844964455059551 1.510226699926403 0.09542248020096369 1 1695.3975 152.36214 1
 0.08877684106459148 1.510226849700892 0.09524171256832833 1 1791.4437 181.12862 1
 0.08890395055501241 1.510209690602283 0.09505523664247706 1 1839.6194 211.49765 1
 0.08874809972784439 1.510135697856201 0.09491970539860831 1 1817.6283 231.6993 1
 0.08846104035591432 1.510138241605908 0.09473131023406305 1 1761.4216 279.35535 1
 0.08805852462561635 1.5101866978818 0.09459731275760623 1 1664.7632 328.56317 1
 0.08755617509072408 1.510278006752553 0.09451017067559522 1 1531.6267 379.36258 1
 0.08697500721167697 1.510369326061945 0.09444106394280545 1 1371.6898 429.93484 1
 0.08634062593201353 1.510375392339936 0.09439328118662775 1 1193.4229 463.68896 1
 0.08450267385285938 1.510318865035527 0.09433560666818905 1 650.67645 532.2841 1
 0.08420841367020213 1.510309023887052 0.0943560240396063 1 562.1616 538.09766 1
 0.08408564637198226 1.51028427017654 0.09423943523908175 1 526.81165 567.1411000000001 1
 0.08418041933444535 1.510325502358398 0.09396238945772575 1 562.9516599999999 641.3513 1
 0.08440717803806454 1.510353231877207 0.09374685561789788 1 639.05786 693.4859 1
 0.08475121943001164 1.510348803227922 0.09359305680489322 1 750.9798 720.2524 1
 0.08523347121949126 1.510343252236731 0.09343607083507925 1 908.6574000000001 742.6289 1
 0.08582504068760838 1.510343117073006 0.09330227763741766 1 1101.2917 755.01904 1
 0.08648881885888288 1.510406664181706 0.09311916922835922 1 1317.2332 787.3454 1
 0.08713287883145954 1.510452097245614 0.09288260686508758 1 1527.79 830.95416 1
 0.08769475274193635 1.510435977903735 0.09268957040886083 1 1710.3785 855.6980600000001 1
 0.08820503481390969 1.510469799175633 0.09252421092940986 1 1868.3552 881.69104 1
 0.08774876099444633 1.510171291913827 0.09174325065893592 1 1830.7466 1086.5502 1
 0.08717274494443651 1.510098725030357 0.0917912227906473 1 1651.0242 1094.542 1
 0.08656061431701656 1.510072078475732 0.09182313800142342 1 1448.4197 1114.8827 1
 0.08598397934010206 1.510092347119504 0.09177223416806925 1 1254.5863 1164.7272 1
 0.0841769217529839 1.51210467125527 0.09271509236305477 1 650.62384 1197.2327 1
 0.08463987080335249 1.512141075284719 0.09283638757136933 1 775.6538 1162.29 1
 0.08681273033748479 1.512064936942356 0.09309501308182511 1 1355.5903 1006.6886 1
 0.08738583998735536 1.51191370393431 0.09304913590061643 1 1514.6624 976.5223 1
 0.08789684506523296 1.511801533516202 0.09307805478300346 1 1650.247 934.8785 1
 0.08836359091181997 1.511748146772278 0.09314604686006682 1 1765.9076 892.8012 1
 0.08879425197819969 1.511693819232871 0.09325386144232099 1 1866.485 843.2447 1
 0.08889558079966429 1.511607062267389 0.0939027657660098 1 1845.4558 681.10565 1
 0.08839192633781176 1.511625477744405 0.09404842728767575 1 1712.9497 669.18207 1
 0.08770398480596507 1.511660152123689 0.09421132863685465 1 1530.6184 661.3846 1
 0.08698069832925215 1.511749441698918 0.09434960222282479 1 1336.1895 667.9175 1
 0.08631224118851472 1.511815111591722 0.09440411644613579 1 1160.1351 687.5328 1
 0.08567554731022885 1.511885950718048 0.09447220518445755 1 991.2248499999999 703.4219399999999 1
 0.0850724461738767 1.511932456938638 0.09457138490441767 1 830.89294 707.5651 1
 0.08455810774284327 1.511923027211477 0.09467694652228208 1 694.26544 699.5873 1
 0.08415561725524212 1.511991096120556 0.09486681295271512 1 588.2567 680.1731600000001 1
 0.08393276755988684 1.512036662339375 0.09506225819395155 1 529.54193 651.449 1
 0.0839593462156967 1.512108037274877 0.09524862675220368 1 535.0874 621.37604 1
 0.08416793582368717 1.512133140868689 0.0954462334371618 1 583.5938 577.7784 1
 0.08451248171975137 1.512078691487534 0.09564403298223753 1 662.3643 519.9059 1
 0.08496399447891899 1.512034702021451 0.0958786811283163 1 765.49725 453.48944 1
 0.08557909499038677 1.51198049756994 0.0959711830148712 1 910.9848 409.49826 1
 0.08622755363557739 1.511983889469409 0.09613143182567989 1 1059.104 362.12772 1
 0.08685608427417808 1.512012433610962 0.0963278524902183 1 1196.6787 313.8065 1
 0.08744935445679017 1.511967419491714 0.0964939101704346 1 1324.2224 262.77127 1
 0.08797527371589725 1.511959240957419 0.09666018690048919 1 1432.1272 220.56238 1
 0.08841142868327621 1.511973430418026 0.0967958290123903 1 1518.1204 190.34671 1
 0.08867658111660426 1.511962049242911 0.09695290046543702 1 1565.1246 157.36494 1
 0.08871410405791301 1.511917399320716 0.09716713559989375 1 1561.4922 115.40336 1
 0.08854127400266654 1.511805558059474 0.0973986021464494 1 1514.8564 64.92337999999999 1
 0.08823884662161417 1.51177078183467 0.09757556877568739 1 1442.1987 37.446625 1
 0.08779795680977318 1.511749484359722 0.0977131599346153 1 1341.8898 21.02394 1
 0.08727693907280169 1.511735069703932 0.09776924024751631 1 1227.5172 20.26849 1
 0.08669297644239864 1.511775772674912 0.09778765589299847 1 1099.1439 36.037678 1
 0.0860920775553369 1.51181586248073 0.09776000028281939 1 968.90405 62.913967 1
 0.08551402773423918 1.511835811140569 0.09764401046401766 1 842.82385 95.75373999999999 1
 0.08495108953948195 1.511921701164352 0.09755731531846921 1 719.69946 137.36235 1
 0.08444187216355582 1.511974943049492 0.09747239336657629 1 608.3033 173.35712 1
 0.08403948035037771 1.512081504681384 0.09746131806937118 1 521.28687 202.26704 1
 0.08377924780648253 1.512189463724745 0.09761196379763235 1 465.504 200.33305 1
 0.0836359102821502 1.512184121502295 0.09795995274853699 1 431.57404 147.78967 1
 0.08369082445833526 1.512142263283634 0.09833121490748761 1 439.4074 82.58139 1
 0.08396457705347284 1.512075508338255 0.09859482007639232 1 493.17755 25.891212 1
 0.08477992793533673 1.513176671637601 0.09978936654677614 1 661.3174 0.6236981 1
 0.0842138432048003 1.513187472032832 0.09977529037317164 1 555.6162 12.879862 1
 0.08375561234024421 1.513327825278684 0.09970981905933336 1 473.3311 51.01706 1
 0.08341360004868982 1.513392398378415 0.09951911339248004 1 412.14038 93.26197999999999 1
 0.083204609280636 1.513459500841737 0.09932482225087713 1 375.7451 133.69237 1
 0.08320441085282393 1.513485879394442 0.09912058242548041 1 377.28906 165.4817 1
 0.08343980036451303 1.513430454498553 0.09908509784532606 1 420.46014 157.42299 1
 0.08384472041218971 1.513403993989631 0.09905872432343311 1 497.2479 147.66466 1
 0.0843701335972588 1.513342430542813 0.09899060273058362 1 597.9215 136.4506 1
 0.08504154724070452 1.513374008777768 0.0989501764520949 1 729.1196 130.82956 1
 0.08577796633254814 1.513323097440244 0.09884056788434031 1 874.20264 123.07991 1
 0.08653426207136156 1.513282763403298 0.09866390308828994 1 1026.4985 126.63652 1
 0.08724359554063078 1.513299972246169 0.09848154669416896 1 1170.4617 140.4278 1
 0.08783602379865366 1.513323682037413 0.09835237920726639 1 1289.1399 150.675 1
 0.08832334441418414 1.513308635873267 0.09816928092011316 1 1390.5759 165.98392 1
 0.08868529244547602 1.513377361979905 0.09803804640982586 1 1463.5513 187.5125 1
 0.08886689118546556 1.513431486475208 0.09790099967578067 1 1503.267 211.26347 1
 0.08884934515352472 1.513433972305755 0.09772419773020127 1 1508.7418 237.9021 1
 0.08861552466754791 1.513409804983958 0.09757935606929093 1 1472.6462 261.1097 1
 0.0881778718865638 1.513362448053733 0.09749186939085235 1 1393.7814 277.21448 1
 0.08756561306527513 1.513361113938221 0.09742168880071746 1 1276.4681 300.89597 1
 0.08683025731801179 1.513415860196703 0.09737015168189202 1 1129.9608 332.5461 1
 0.08606183935132597 1.513476054355359 0.09741567011890036 1 971.7272 350.90515 1
 0.08535724315170745 1.513582511526675 0.09751169706440505 1 825.7143 366.04367 1
 0.08475626745862341 1.513606946371704 0.09753040528729122 1 703.33746 380.9362 1
 0.08426395781684833 1.513605157643427 0.09758936193485562 1 602.2531 383.51813 1
 0.08386004542211445 1.513579887350223 0.09755489466476128 1 520.43475 395.95428 1
 0.08353827939382512 1.513578432127413 0.09744659307444577 1 456.35583 421.52356 1
 0.08334463379948931 1.513638163000099 0.09726644741947647 1 420.59415 463.2153 1
 0.08334185941981402 1.513680349039292 0.09704068957360794 1 423.13428 505.87964 1
 0.08360375924363894 1.513630989100887 0.09690804719349773 1 476.8226 515.61017 1
 0.08404641896603758 1.513510182461658 0.09677339884154725 1 567.96857 512.62836 1
 0.08464007197616896 1.513369958238756 0.09658717400517798 1 694.73883 511.88275 1
 0.08536842489527842 1.513346512423468 0.09641338043290495 1 855.7357 520.3271999999999 1
 0.08614435860626367 1.513393303015824 0.09621129049450247 1 1029.7737 541.5498 1
 0.08688541390662392 1.513478321413586 0.09604277067447486 1 1194.1797 562.48047 1
 0.08754145216337308 1.513543171606435 0.09595371291607596 1 1335.1354 568.9443 1
 0.08808880567729585 1.513517769135466 0.0958571640959679 1 1453.916 568.5861 1
 0.08852623594987075 1.513509758082052 0.09575819664534632 1 1548.9275 573.7471 1
 0.08884271487698639 1.513494550937897 0.09563463753464629 1 1620.3611 585.44666 1
 0.08897605445737058 1.513456799142145 0.09549051472457866 1 1657.1088 602.94476 1
 0.08890847725073689 1.513407202691758 0.09533552806277863 1 1654.7925 626.7080999999999 1
 0.08865827522518745 1.513385438956345 0.09522315824865707 1 1611.1581 651.54584 1
 0.08823641498231741 1.513356607469694 0.0951366863822649 1 1529.1808 676.27954 1
 0.08765287208108742 1.513349234103993 0.09512294943794096 1 1405.2535 695.02313 1
 0.0869689917405421 1.513297709355129 0.09509413751305515 1 1257.7592 714.5174 1
 0.08623794938420404 1.513255587167043 0.09510983922217832 1 1093.3058 728.0533 1
 0.08373554006455031 1.513551014175438 0.09506738135477176 1 528.2769 842.1849999999999 1
 0.08335594330975736 1.513660031664072 0.09499188639030483 1 447.68484 878.2148999999999 1
 0.08313674874789589 1.513675540151927 0.09477447879276152 1 402.23926 930.02747 1
 0.08309376459527965 1.513617775127669 0.09449260179348336 1 393.9245 982.7343 1
 0.08327802736435522 1.513588444947144 0.09434102244377132 1 436.90958 1006.4368 1
 0.08364788844541116 1.513526350775319 0.09423260440576207 1 522.0636 1013.07776 1
 0.08416321031885494 1.513500837619743 0.09415516451592715 1 643.5779 1012.44 1
 0.08478641186191707 1.513515780814433 0.09405213563980609 1 793.41986 1017.58655 1
 0.08548432625167197 1.51350124799455 0.09396366363045255 1 961.0624 1013.39417 1
 0.08621374367513074 1.513433658248803 0.09396374864759222 1 1133.2976 982.9049 1
 0.08694575018906409 1.513393417267744 0.09385923252235852 1 1309.466 976.3249499999999 1
 0.0876289726993781 1.513425023007042 0.09376284541468424 1 1469.8253 976.1408 1
 0.08822195690111145 1.513516624282722 0.09363223496095958 1 1605.6456 991.6175500000001 1
 0.08866151942289667 1.513546567312045 0.09350063929857425 1 1707.678 1005.68146 1
 0.08890986387442801 1.513582643792363 0.09333772590880535 1 1768.9067 1033.5673 1
 0.0889455566447413 1.513557066691582 0.09317839198049499 1 1787.9978 1062.7083 1
 0.08880979291244231 1.513539410378032 0.0929775500931789 1 1772.3484 1108.5986 1
 0.08851880344910729 1.513519689241049 0.09277141446235872 1 1722.4181 1162.5673 1
 0.08806694797839451 1.513508024972995 0.09270063883099972 1 1625.904 1194.3774 1
 0.08724211059541789 1.514473295481698 0.09336810330635016 1 1370.3438 1169.8281 1
 0.08780054657315238 1.514447355785397 0.09342472476224034 1 1488.2372 1136.5471 1
 0.08829663243799225 1.514425083710086 0.09350477840226341 1 1589.1515 1101.0491 1
 0.08869910926515827 1.514405554204103 0.09362859704898201 1 1666.1139 1060.7249 1
 0.08894846548214123 1.514369956754864 0.09375879630428403 1 1710.9358 1023.4017 1
 0.08896717766778499 1.514352597825581 0.09397837749516122 1 1703.0978 979.09827 1
 0.08875133561463142 1.514303981186547 0.09418079368656429 1 1650.7559 943.2292 1
 0.0883614053074936 1.514278191538601 0.09433921147980859 1 1564.0829 923.3094 1
 0.08786414099669874 1.514237290084772 0.09446195060418383 1 1456.6633 911.6713999999999 1
 0.08727053894597608 1.514274150306101 0.09465792622338176 1 1321.9246 896.41205 1
 0.08664085620203162 1.514253382127903 0.09472519544262409 1 1185.7186 900.4081 1
 0.08596716857972302 1.514321960496401 0.09488368641648434 1 1034.6182 896.7762 1
 0.0853002318103326 1.514396415548124 0.0950036314262746 1 887.68463 900.19965 1
 0.08466415080948377 1.514437103505751 0.09510308371524671 1 749.56976 902.5894 1
 0.08409748886071854 1.514431255667527 0.09520236478230536 1 626.80707 898.2685 1
 0.08361865254745769 1.514440398181618 0.09538343818593506 1 522.8561999999999 877.5905 1
 0.08326834785395383 1.514470258413058 0.09555587437503617 1 448.1524 857.5632000000001 1
 0.08307232775583404 1.514573096483368 0.09572410525315801 1 408.86462 842.42834 1
 0.0830717369389386 1.514604063549785 0.09594253054631659 1 407.7615 806.1756 1
 0.08327397788731637 1.514582255259283 0.09609485333946559 1 446.57898 771.87067 1
 0.08366684467496127 1.514473132049111 0.09616867121144392 1 522.00165 737.84674 1
 0.08642164864151849 1.514286340128534 0.09662424105194882 1 1067.8292 569.5933 1
 0.08715642869994006 1.514253961092939 0.09657102842740223 1 1216.3535 556.74304 1
 0.08781318567730249 1.514200143142366 0.09661096213906997 1 1344.698 528.0078 1
 0.08834504916575091 1.514228836387633 0.09678514373225147 1 1438.2307 490.6298 1
 0.08875384265457983 1.514273685007982 0.09698342610115117 1 1503.9972 455.7439 1
 0.08902241155004233 1.514267800773777 0.09711430732563237 1 1547.0791 429.10217 1
 0.08907707376616926 1.514282106372634 0.09728346810304317 1 1548.0355 403.7985 1
 0.08893669838588081 1.514293982753403 0.09743985672813135 1 1514.4231 384.47824 1
 0.08863263990572538 1.514312882252504 0.09756968681695255 1 1452.3336 373.44638 1
 0.08819896820377478 1.514252056438474 0.09768323202069289 1 1368.889 358.2525 1
 0.08761468184898523 1.514256843866915 0.09785455354077634 1 1253.0192 345.38596 1
 0.08696699121701233 1.514233404280508 0.09795193066956821 1 1127.8574 341.74353 1
 0.08629366707303689 1.514282471233328 0.09801308876638912 1 997.67236 353.3571 1
 0.08561309030986269 1.514407521925494 0.09811830414006446 1 865.6790999999999 367.72083 1
 0.08501323765703592 1.514440998306222 0.09810408829306139 1 752.48615 387.3375 1
 0.0844320781148155 1.514488178361986 0.09824204076716653 1 641.0867 386.81058 1
 0.08396063630932801 1.51451310929192 0.09830729685946375 1 551.951 390.00217 1
 0.08357447446210534 1.514527162414201 0.09844196827125677 1 478.96863 380.8669 1
 0.08334290633272842 1.514534950148256 0.09853822245469895 1 435.6295 373.14435 1
 0.08331662595548542 1.514533095891354 0.0986667432608692 1 429.78036 354.9324 1
 0.08347643651389024 1.5143966057117 0.09887140011987855 1 453.90707 306.13 1
 0.08379058244496111 1.514386883055874 0.09910208683356268 1 509.01917 265.3575 1
 0.08428795238402804 1.514410956443383 0.09917373167865345 1 599.16266 247.03716 1
 0.08486193057469449 1.51443494823161 0.09930856282843177 1 701.7584000000001 218.7877 1
 0.08549156535791951 1.514415471741701 0.09945567072364909 1 812.3446 183.38708 1
 0.08616724598270911 1.514379628667673 0.09954850821177851 1 931.2103 153.1051 1
 0.08689281660407687 1.514347274458414 0.09953279147707755 1 1061.2773 137.7933 1
 0.08758604657212743 1.514319470334086 0.09960224074091824 1 1180.9694 112.09864 1
 0.08824252753369272 1.514289713993031 0.09963281390145598 1 1294.037 93.39569 1
 0.08877002466965904 1.514267621365612 0.09971543132045552 1 1381.2062 71.38562 1
 0.08904661000335104 1.514249504972934 0.09995544461452636 1 1417.6877 35.256023 1
 0.08911336751277199 1.514239665025067 0.1002076001707787 1 1418.2053 3.252725 1
 0.08610780921472327 1.514353713382533 0.1007004405511094 1 892.5555000000001 6.987577 1
 0.08536384114433337 1.514385543602124 0.1007795329149503 1 763.5513 15.52709 1
 0.08469974839185831 1.514406938396888 0.1008744914184487 1 648.75635 20.028532 1
 0.08415008139019547 1.514435972349942 0.1009375583352129 1 554.9381 27.402155 1
 0.08370455986198345 1.514452842778358 0.101080319211786 1 478.91003 22.128561 1
 0.08339874483403945 1.514461941991295 0.1012590662581386 1 426.91238 8.799763 1
 0.08843309852563577 1.50904534205932 0.09445158912660406 1 1851.9926 128.76631 1
 0.08875906080261524 1.510306619493343 0.09448892429966604 1 1848.1937 353.9748 1
 0.08873419897295429 1.510358032858903 0.09557219283374366 1 1745.8318 140.51941 1
 0.08813359388546779 1.510728209557488 0.09502372629849866 1 1622.5272 327.55545 1
 0.08812939408140687 1.510712963890474 0.09407541463419344 1 1697.0197 534.54364 1
 0.0881414893055783 1.510657908945546 0.09314578076850684 1 1781.3971 750.191 1
 0.08816079303606165 1.510629611659485 0.09224006752421994 1 1867.8333 984.63293 1
 0.08802116536685192 1.511641798969047 0.09251758970307181 1 1732.842 1047.664 1
 0.08806978331457382 1.51160451655754 0.09352458999708725 1 1673.1891 796.57574 1
 0.08805861501424397 1.511551447478211 0.09453440463643298 1 1601.0955 564.0186 1
 0.0880067350944813 1.511525491917742 0.09554878008652494 1 1521.368 355.73282 1
 0.08804683683800896 1.51271658925404 0.09827795571672145 1 1344.6313 74.49996 1
 0.08807457556673998 1.512751299411678 0.09726603221319628 1 1399.2523 232.69841 1
 0.08811499673793094 1.512763858694009 0.09617914435360062 1 1465.2 415.0068 1
 0.08815220522129198 1.512767866895513 0.09509512393708204 1 1535.3992 614.01855 1
 0.08817877333853878 1.512731331356343 0.09401366471734894 1 1608.9362 826.7113000000001 1
 0.088207468038242 1.51281076043525 0.09301394134245271 1 1675.3551 1051.7023 1
 0.0881609166464489 1.513964872989291 0.09365748786608488 1 1571.5732 1032.8734 1
 0.08814916242055058 1.513882511950995 0.0945780703686931 1 1522.3015 843.93353 1
 0.08812852346919574 1.513852326173334 0.09550867824459035 1 1470.0448 668.7655 1
 0.08810212455469285 1.513869264882423 0.09647739417749317 1 1415.4097 504.24872 1
 0.08806995027740644 1.513911049738722 0.09743206219350888 1 1363.2307 357.78293 1
 0.08805657751879546 1.513926415398552 0.0983697205659346 1 1319.1416 221.29951 1
 0.08680528811625762 1.508372698461616 0.0937487589694931 1 1453.6277 198.72437 1
 0.08675405569707724 1.508318633812398 0.09295479197597235 1 1515.6364 418.80414 1
 0.08671379100194423 1.508356879111555 0.09221657199088036 1 1574.8107 671.47876 1
 0.08665147112831525 1.508416616978279 0.09157489729211317 1 1614.8763 920.44196 1
 0.08658701959488381 1.508585250969269 0.09110050425147627 1 1625.2577 1138.6847 1
 0.0865062880204156 1.509386791386845 0.09139113898396432 1 1504.9209 1163.6506 1
 0.08652570057693594 1.509496684261107 0.09199621365306702 1 1453.3452 974.3000500000001 1
 0.08653732709470724 1.509510611227223 0.0927510283249786 1 1394.7001 739.0423 1
 0.08654902504318335 1.509440614795334 0.09362076982909368 1 1333.9164 477.15933 1
 0.08657565757552156 1.509383311856431 0.09460639369069719 1 1272.821 215.62271 1
 0.08660461487370678 1.509896225902419 0.09578681431067 1 1196.0864 62.47522 1
 0.08664198965777145 1.509861192395529 0.09485742657381094 1 1263.8293 251.56021 1
 0.08668499963393542 1.50983281636056 0.0939353544511933 1 1340.0798 465.41492 1
 0.08672238295335682 1.509803829769673 0.0930987263108604 1 1415.3113 682.2831 1
 0.08674040092396318 1.509817725508144 0.09235288323041929 1 1480.0846 902.5916 1
 0.08672170129293792 1.509874906253889 0.09170614312889945 1 1523.552 1115.5756 1
 0.08644406277632895 1.510639633060574 0.09193817991183856 1 1375.053 1160.7666 1
 0.08647631350795194 1.510746807763363 0.0927576059919783 1 1325.9535 938.08777 1
 0.0864644564647911 1.510744559825685 0.09372107999848649 1 1261.306 684.8223 1
 0.08646710412604364 1.510768502800883 0.09479524100422286 1 1198.6997 434.61786 1
 0.08649270060189426 1.510836289578083 0.09602802193625636 1 1139.7516 190.79086 1
 0.08642534001909438 1.511816823104433 0.09739740789439622 1 1054.9933 110.60507 1
 0.08637994220801974 1.511784385639797 0.09625233835093426 1 1091.7477 305.4992 1
 0.08636294962925242 1.511731527496044 0.09520577270004127 1 1135.432 502.00803 1
 0.08636837051597217 1.511728633537692 0.09422734966453855 1 1185.1545 713.2655999999999 1
 0.0863636910455101 1.511685827232313 0.09333057008154162 1 1232.3401 920.16034 1
 0.08634117936530938 1.511663448581803 0.09245880922898214 1 1275.675 1141.3417 1
 0.08605682893806517 1.512670771983262 0.09277790404034633 1 1159.0497 1178.9248 1
 0.0861476543016343 1.512593489266326 0.09383136332625865 1 1134.1661 921.21173 1
 0.08625007329647449 1.512571101628655 0.09498774767519828 1 1107.9242 667.05786 1
 0.0863499696171332 1.512596053660423 0.09621847175586201 1 1079.5535 430.32333 1
 0.0864248617301636 1.512552569728286 0.09754100981351031 1 1045.7485 197.11674 1
 0.08629886397186516 1.513200803765231 0.09884984308705204 1 974.9109999999999 93.99165000000001 1
 0.08631279445059059 1.513278655123949 0.09767667741904548 1 1014.80206 277.9077 1
 0.08630755689067596 1.513312125341966 0.09650433463933969 1 1054.5319 475.5501 1
 0.08629747596464864 1.513374517997855 0.09536200687937325 1 1095.2971 689.9965 1
 0.08605213811383162 1.514441926491274 0.09378958897476559 1 1092.5535 1120.9119 1
 0.08607707458617682 1.514399487165177 0.09480603362527651 1 1060.5251 916.1366 1
 0.08609375282436682 1.514345224229937 0.09588027990186053 1 1026.5138 712.2826 1
 0.0861080368045905 1.514326172266389 0.09701527998366284 1 992.3627 517.7077 1
 0.08612000993041785 1.514359745006761 0.09820555271126626 1 959.10394 337.91196 1
 0.0861320294458881 1.514311797403002 0.09944786519783144 1 927.42633 158.71002 1
 0.08614778000503799 1.514253582740881 0.1006912313879453 1 899.5953 0.3844011 1
 0.08456728117998281 1.508727136575894 0.09498041621480846 1 610.0409 55.49982 1
 0.08456809210701016 1.508705531976184 0.09402366678256097 1 634.6776 291.16895 1
 0.08428299843043881 1.509843365429297 0.09189840681072042 1 640.13416 1171.4506 1
 0.08436486472814843 1.509909539186919 0.09285441280965909 1 638.5122 874.08295 1
 0.08444703618760811 1.509857950232428 0.09390527183563602 1 632.4899 564.1558 1
 0.08456707882257182 1.509846143305072 0.09505348778798692 1 639.5421 274.76404 1
 0.08466821726406153 1.509809303164921 0.09630220513455781 1 639.9633 6.5167294 1
 0.08499988587175797 1.51049162785341 0.09636010590267163 1 739.7975 109.83063 1
 0.08495965023418234 1.510475273515727 0.09520089234585458 1 761.97046 344.30426 1
 0.0848885042467399 1.510416420952075 0.09410112730472189 1 776.4820999999999 594.9157 1
 0.0847885354667116 1.510376008389057 0.0931353909210438 1 779.9461 848.94714 1
 0.08467639159429069 1.510388561492102 0.09225291213815197 1 778.54486 1115.3374 1
 0.08450601975414852 1.511675868549703 0.09259725603228171 1 737.4674 1178.7887 1
 0.08464341730683309 1.511639802666203 0.09375360602205975 1 737.9593 873.163 1
 0.08490701641359114 1.512424262090566 0.0989474469745477 1 690.4381 4.6354723 1
 0.08489118426669366 1.512403672273291 0.09767509305337702 1 711.29175 191.45068 1
 0.08484230557225102 1.512385320921415 0.09643119959658478 1 727.6569 403.351 1
 0.08478764841607016 1.512358501525105 0.09528765295089837 1 743.15985 621.90045 1
 0.08475516536280631 1.512312249916296 0.09422893738071421 1 764.3696 844.03125 1
 0.08473076592655825 1.512245236132616 0.09322864657591519 1 788.7105 1072.2798 1
 0.08428345881698834 1.513379642780822 0.09423035722478842 1 667.4303 980.41785 1
 0.08440176733320968 1.513255765589729 0.09542636256739506 1 664.7866 719.1651000000001 1
 0.08449567161294066 1.513130269770965 0.09678099828347636 1 655.52814 451.33975 1
 0.08454761306156121 1.513074430232231 0.09822830219334168 1 639.6802 207.68298 1
 0.08457163588071839 1.51300696393209 0.09960594455615085 1 622.5295 4.567451 1
 0.08466601715372676 1.51428317915629 0.1004233746246704 1 647.5463 61.976086 1
 0.08461252305476046 1.514300652674017 0.09919082623532022 1 656.3862 224.121 1
 0.08454906830338069 1.514332830826333 0.09796582021273936 1 665.07605 406.37872 1
 0.08446598747968061 1.514404235100559 0.09679914599149314 1 671.2363 602.3017599999999 1
 0.08436457187676939 1.514424493797159 0.0957024029640525 1 672.6043 798.1258 1
 0.08424986615741788 1.514428719921838 0.0946624770768514 1 670.69574 997.7852 1
 0.08414388983406457 1.514434678651926 0.09369278147338155 1 670.0327 1193.5413 1
 0.08390786368439074 1.509165827047583 0.09297519411810312 1 442.16476 725.7512 1
 0.08407520831239437 1.509249532162084 0.09319980885412744 1 501.62076 665.3393600000001 1
 0.08419726301927646 1.509242835978986 0.0934730023016213 1 537.0223 578.0500500000001 1
 0.08439133865971403 1.50948124388561 0.0938373203320553 1 603.9114 513.4646 1
 0.08454910920071119 1.509504211491302 0.09377743436244211 1 659.1266000000001 527.7788 1
 0.08480907891002118 1.509497151396116 0.0935609344372323 1 754.228 575.24365 1
 0.08515084667493676 1.50944346405689 0.0932899114931133 1 882.45996 628.7163 1
 0.08548436857845886 1.509255158346597 0.09293014526566631 1 1019.48114 685.4025 1
 0.08590718203953483 1.509120675342998 0.09259758665690421 1 1197.5892 743.888 1
 0.08635188657973739 1.508949116805155 0.09230582553889416 1 1392.207 783.688 1
 0.08682328291907952 1.508839837576701 0.09216695590839089 1 1586.5392 783.687 1
 0.08729605043320465 1.508828693559634 0.09227708787863245 1 1745.863 720.1454 1
 0.08769514170758072 1.508796228999497 0.09262102315426447 1 1847.1138 585.98615 1
 0.08790967777473949 1.508706183470616 0.09326806631450589 1 1851.3473 369.52307 1
 0.08739424486862826 1.50862364095254 0.09463150670933794 1 1552.9692 19.351072 1
 0.08614696064534592 1.50930939684937 0.09553553644162421 1 1087.5596 7.4121246 1
 0.0836392639881853 1.514127930615851 0.1006670246968743 1 463.45572 33.421562 1
 0.08362076633561778 1.514289034456429 0.09949814172949743 1 472.43 203.09325 1
 0.08381141535560468 1.514141190054025 0.09843561869579551 1 514.081 330.25568 1
 0.08426366681947643 1.513943639354854 0.09792991159144011 1 603.43866 371.64496 1
 0.08493828650187508 1.51383355005477 0.09792570929820639 1 734.52167 342.54016 1
 0.08570725049181011 1.513663069980738 0.09834421661809373 1 874.468 240.3302 1
 0.08624219038900835 1.513509627512155 0.09923179640034975 1 952.7036000000001 83.61771400000001 1
 0.08467056432697313 1.513730076389362 0.1002036749350119 1 643.41516 18.278126 1
 0.08480942867665855 1.513480233516967 0.09925448328769046 1 680.3533 107.30785 1
 0.08532521832962936 1.513182153536107 0.09870778418476733 1 787.5477 132.74373 1
 0.08613645831731591 1.51304867089014 0.09850964301329608 1 952.8157 125.61894 1
 0.08701805633479806 1.513067718943964 0.09842770588385076 1 1130.7997 121.14418 1
 0.08777683053088903 1.512594765084462 0.09828185803848193 1 1293.4266 61.55954 1
 0.08845656123349342 1.514233676324103 0.09959244658993058 1 1333.4807 88.03267 1
 0.08822649240612482 1.514218077295141 0.09861018020593451 1 1334.5157 220.14444 1
 0.08772977582702739 1.514229913806705 0.09811040601960819 1 1264.5201 301.9658 1
 0.08715644747812779 1.514271256185736 0.0983452964160295 1 1148.6963 284.94586 1
 0.08662058637960261 1.514342278008664 0.09915782770105093 1 1023.6719 191.23259 1
 0.08623489485585724 1.514353041395203 0.1002893472974845 1 924.364 54.27984 1
 0.08656932591945271 1.513522717543409 0.09981663949093861 1 997.18506 2.845771 1
 0.08409649035756012 1.514004661248774 0.1006182350734302 1 540.9737 13.985575 1
 0.08422764111314977 1.513980358735965 0.09936503915996793 1 577.79584 169.15955 1
 0.08426714949406124 1.513843491599451 0.09818839143221919 1 598.43695 319.59805 1
 0.08442357113713095 1.513305105272971 0.09754359081143019 1 629.48065 348.12607 1
 0.08467097621253115 1.512501958863779 0.09739430618213209 1 670.33234 256.7078 1
 0.084950682725573 1.512002656524069 0.0977839629597746 1 716.00836 113.27773 1
 0.08481962340309354 1.510052067430398 0.09605947608183299 1 691.24225 92.01539 1
 0.0847451202075966 1.509643025556007 0.0955860127345598 1 673.5374 110.952835 1
 0.0869535491188824 1.50949339262289 0.09546346683450556 1 1322.197 38.360912 1
 0.08631983541072925 1.509665062565386 0.09525413491129213 1 1149.3259 135.00565 1
 0.0857618388965017 1.509927981191456 0.09534740516341939 1 980.8022 184.21765 1
 0.08541688890184337 1.510322407538066 0.09587156364036567 1 864.22076 161.14568 1
 0.0852765129042629 1.510544040416718 0.09688970251263894 1 796.6838 14.386915 1
 0.08683425521272223 1.51088842370126 0.09676474419048141 1 1187.0737 56.38378 1
 0.0863956319950132 1.511300686665812 0.09648499108393307 1 1089.4626 186.27972 1
 0.08617235839301984 1.511778833695161 0.09695515409502027 1 1014.7258 184.97128 1
 0.08612410776810045 1.512196860400573 0.09808483887051529 1 963.86865 66.944046 1
 0.08456645406365014 1.513465362769324 0.09943794037084674 1 631.0738 86.09699000000001 1
 0.08442438755771793 1.513623027635331 0.09853887553637437 1 619.83545 236.31247 1
 0.08457162774442305 1.513696807409923 0.09738954075183541 1 669.60736 419.0281 1
 0.0848882603716853 1.513478792840094 0.09635723024613685 1 754.5390599999999 558.645 1
 0.0850688452354233 1.513263379353884 0.09528037390460151 1 820.54236 729.2813 1
 0.08495345621640744 1.513132931188568 0.09436217699787382 1 819.5426 905.36993 1
 0.08459413131415769 1.513287186259667 0.09383332787139342 1 750.3116 1047.1853 1
 0.08416906669821252 1.513581775895274 0.0938579245385158 1 653.5263 1083.6407 1
 0.08380994118215736 1.513866167741039 0.09427641939446278 1 568.0693 1032.9604 1
 0.08352207735594497 1.514184138856493 0.09490917983831103 1 502.10123 944.3746 1
 0.08340043417689123 1.514316252955114 0.09578274018440935 1 467.8251 795.9794000000001 1
 0.08336905389229862 1.514337640851959 0.09673531456998659 1 451.1712 633.37427 1
 0.08342395129962574 1.514267062011448 0.09770350434072625 1 450.52692 465.77954 1
 0.08359127579984101 1.514121721724129 0.09861569539377291 1 470.347 307.08994 1
 0.0838783742377834 1.514097602763989 0.09913745585691601 1 518.3460700000001 223.37741 1
 0.08440385157321584 1.513836196578978 0.09894714091129039 1 613.797 205.25336 1
 0.085017626874241 1.51355119244475 0.09830645283418162 1 739.31903 247.30925 1
 0.08555690016164937 1.513178065224496 0.09732642294297759 1 869.2063000000001 338.5192 1
 0.08585513437688039 1.512985656878384 0.09608596376612971 1 971.7245 520.0595 1
 0.08578546212909043 1.51292065067234 0.09473310576195083 1 1004.95807 777.4166 1
 0.08543954890098493 1.512871292421883 0.09361186877112584 1 963.25366 1026.099 1
 0.08500838653573052 1.512863438718232 0.09309077666488609 1 872.8638999999999 1160.7654 1
 0.0847195032793764 1.513089943115659 0.09330793996712976 1 794.3451 1141.7601 1
 0.08481710694928495 1.513265634730736 0.09426443141766735 1 791.32367 945.02783 1
 0.08506459497245589 1.513176541515769 0.09562197618035605 1 809.0778 653.0558 1
 0.08529788288353525 1.512834808038275 0.09696925985816572 1 820.94147 360.12036 1
 0.08661146337934501 1.511521146508494 0.09521258823186803 1 1200.656 461.66638 1
 0.08662363427324676 1.511525714951216 0.09408508186549724 1 1264.3197 708.4568 1
 0.08664295425846097 1.511207410271652 0.09327876472144486 1 1325.9862 857.9888 1
 0.08675495583851833 1.510611606465263 0.09302025177134798 1 1396.9435 834.4921000000001 1
 0.08693039686853962 1.510113850487186 0.09333214598967554 1 1448.4735 663.4772 1
 0.08707719790075294 1.509879602427106 0.09404479742685547 1 1448.3446 432.99915 1
 0.08710364042880872 1.509796000745812 0.0949585902464144 1 1391.3992 202.8216 1
 0.08813847920904175 1.508606751557424 0.09418383072127438 1 1827.4117 102.555176 1
 0.08754727752896178 1.508704500084995 0.09364974474485903 1 1693.3844 277.77255 1
 0.08688247002442331 1.508689310554133 0.09356642695359323 1 1481.3224 320.40363 1
 0.08628772893476359 1.50870392274367 0.09388386306753507 1 1249.2955 259.2292 1
 0.08589494384649543 1.508702726134983 0.09457560848159499 1 1068.889 96.01836 1
 0.08427791593406284 1.508550676539546 0.09482114793429931 1 510.22028 64.088646 1
 0.08434124901848551 1.508675636231855 0.09379227289891885 1 558.38824 359.15524 1
 0.08444574678303679 1.50887798418252 0.09283976426505491 1 632.36694 686.7369 1
 0.08457626999489529 1.509195972735855 0.09192952405223789 1 728.3661 1049.1779 1
 0.08611694610045895 1.510236967707828 0.09253030464946775 1 1243.8883 943.687 1
 0.08650114738680767 1.510014663320807 0.09382335177338337 1 1285.6133 532.5989 1
 0.08676238093802269 1.509722365418984 0.09516701611708794 1 1281.8711 152.69814 1
 0.08801552013544142 1.508391333294873 0.09379704465631515 1 1849.7546 152.71089 1
 0.08541435139533939 1.508346667158186 0.0946039718637743 1 903.7509 20.898115 1
 0.08485178187793893 1.508464931578553 0.093901009281901 1 734.4479 256.03055 1
 0.08427541830662617 1.508507130675424 0.0930185121707696 1 545.7238 558.5601 1
 0.08701921218144341 1.510421023660601 0.09246574800800374 1 1527.1075 947.6929 1
 0.08710486861347254 1.510378119233381 0.09339898997437616 1 1483.5923 683.1179 1
 0.08676917790432043 1.51040776599965 0.09402360382826717 1 1339.9036 543.367 1
 0.08620696336225762 1.510585921666529 0.09429244385205343 1 1156.7173 528.67377 1
 0.08545211000635612 1.510989079356048 0.09409570226569733 1 946.62976 667.93384 1
 0.08476070501425674 1.511411528218052 0.09369954146934166 1 768.326 851.5978 1
 0.0841900757043456 1.51177383851824 0.09308376426361224 1 633.8583 1073.4894 1
 0.08412501661184947 1.5117660847096 0.09263941873567164 1 627.78796 1190.8195 1
 0.0854876663261205 1.511462124112676 0.09227788300511952 1 1039.0934 1198.5302 1
 0.08642065105692047 1.511738974046886 0.09326961121013654 1 1249.8585 939.6878 1
 0.08676839362405615 1.511434342379901 0.09437892447016651 1 1288.1506 623.2464 1
 0.0870649710764546 1.511043636552405 0.09509212872353907 1 1333.9152 397.6639 1
 0.08729450387306807 1.510698305305782 0.09507905987435084 1 1405.278 335.52203 1
 0.08746785706802804 1.510363498465671 0.09453586100438717 1 1502.0215 391.68427 1
 0.08757482742469781 1.510069185922612 0.09374441702261012 1 1608.8978 524.29 1
 0.08772913946679317 1.509976754055424 0.09295689368047716 1 1729.26 707.7655600000001 1
 0.08792343217716497 1.510147727930971 0.0922307120962596 1 1840.7955 930.27997 1
 0.08797660744320222 1.510586609391168 0.09156242845464947 1 1878.3977 1181.1362 1
 0.08465568807190813 1.513783846384412 0.09343462380046089 1 783.852 1180.3727 1
 0.08434771745743873 1.514024699477868 0.09833872049774905 1 615.1279 317.6148 1
 0.08386696800863684 1.514070550946347 0.09807900864712475 1 526.98816 373.71658 1
 0.08352570078318608 1.514198941802208 0.09739239325492265 1 471.32156 504.52777 1
 0.0833899796137392 1.514201029093106 0.09638388180057259 1 455.09238 677.5499 1
 0.08339568605419273 1.51417113031642 0.09524606289521835 1 469.43243 881.5170000000001 1
 0.08343228392059052 1.514100510945199 0.09403052040965217 1 494.43488 1115.9441 1
 0.0873532704219061 1.513608944744345 0.09353268918926552 1 1413.4869 1052.6045 1
 0.08692903603246326 1.513855383690001 0.09412349377815753 1 1282.3163 969.33813 1
 0.08608555695405269 1.514093058632812 0.094072535393576 1 1092.3909 1030.0507 1
 0.08524557482984446 1.514198457419868 0.094123633878542 1 902.1384 1055.1393 1
 0.08468604071778336 1.514197891414214 0.09466208035142747 1 762.2486 963.4462 1
 0.08452809380639946 1.514298669956531 0.09582671336585546 1 701.9297 757.8801 1
 0.08464694313635862 1.514297932543972 0.09712650424817776 1 699.09393 531.69556 1
 0.08504404499970074 1.514112276657533 0.0979487242839725 1 757.9986 370.71933 1
 0.0856707170179606 1.51388970842872 0.09809509625931863 1 874.9524 306.73184 1
 0.086344042613429 1.513698421709444 0.09768009925084419 1 1019.7658 330.6957 1
 0.08682784990354804 1.513561703196423 0.09672456505609062 1 1153.1299 456.3084 1
 0.08700956762621151 1.513470704883569 0.09535907358349638 1 1251.2338 683.1355600000001 1
 0.08698560339376013 1.513475560303555 0.09393892907086684 1 1312.8105 966.54315 1
 0.08723120906874873 1.51102818431796 0.09273255029924446 1 1537.5902 949.9609 1
 0.0872675194557986 1.510857766796736 0.0941013863835624 1 1457.9485 581.00397 1
 0.08728973796866318 1.510793645090222 0.09576258791750475 1 1357.1058 213.3208 1
 0.08652853344626607 1.512900513147055 0.09913205442622146 1 1011.39246 9.018451000000001 1
 0.08665833680395592 1.512971645354136 0.09808346631234265 1 1072.327 166.25539 1
 0.08675028479771328 1.512951624338414 0.09708137801600326 1 1129.2292 319.56317 1
 0.08686231475642381 1.512917629293001 0.09606512863759757 1 1196.51 487.67245 1
 0.08699066048805425 1.512815574814478 0.09516162179642898 1 1269.3832 641.15894 1
 0.08711988185792612 1.5127008140227 0.09450463623768009 1 1335.5731 755.43835 1
 0.08723912168712968 1.512563408896 0.09420386247678271 1 1384.143 797.85315 1
 0.08739604605751207 1.512560684783642 0.0943851811054703 1 1411.4487 753.9895 1
 0.08750680297194378 1.512465925566494 0.09493268088612007 1 1409.5011 625.84753 1


