# Created by Octave 4.0.0, Thu May 23 15:02:44 2024 PDT <caveman@RiffellCave1>
# name: corresp
# type: matrix
# rows: 1193
# columns: 7
 0.08499257189830119 1.508162379664646 0.1008511701225066 1 1369.8407 465.89145 1
 0.08632543261692473 1.508140817496777 0.1006447306063036 1 1322.8693 774.2001299999999 1
 0.08703679186180832 1.508182470646122 0.1005491735282711 1 1295.4142 929.1418 1
 0.08808203969702447 1.508065908109814 0.1001904452258833 1 1213.6371 1155.2216 1
 0.08764488668662414 1.50810876093151 0.1001354942650782 1 1203.5056 1065.8843 1
 0.08709276875730414 1.508137906567776 0.1000759112116136 1 1192.4114 949.1484 1
 0.08644762942332357 1.508113034964977 0.09996446647217752 1 1169.7377 808.8946999999999 1
 0.08575651580013087 1.508126067779482 0.09986767915293494 1 1146.978 648.7273 1
 0.08512505461198176 1.508193908561027 0.09977170305979055 1 1121.1742 498.6141 1
 0.08453950417292788 1.508275405032522 0.09967327028419821 1 1093.7306 361.99503 1
 0.08401687071847259 1.508232861266142 0.0995157183075899 1 1055.1129 239.99522 1
 0.08356678984979161 1.508153793453955 0.09935179252587929 1 1015.27094 133.67145 1
 0.08328533982198325 1.508099956637631 0.09918688575413598 1 975.00464 68.30367 1
 0.08326480241447877 1.508138692951246 0.09902107551662334 1 935.6245 66.51248 1
 0.08362392619903518 1.508277507771816 0.09881650765487816 1 889.6185 154.50526 1
 0.08405289784905456 1.508345333127531 0.09867953980565836 1 859.8563 254.81198 1
 0.0845667747943013 1.508333168166104 0.09858518012827673 1 839.6935999999999 372.99478 1
 0.08517103926607203 1.508259817166577 0.09851649052808563 1 825.303 514.0229 1
 0.08591132887964402 1.5082964931803 0.09845275851390635 1 815.31586 685.5207 1
 0.08665849886478239 1.508323557646742 0.09835264072617193 1 798.4331 852.1355 1
 0.08730946053497245 1.508306574147636 0.09824105973501923 1 778.67285 991.7628 1
 0.08786685559546556 1.5082491871697 0.09812323571893801 1 758.23126 1107.7167 1
 0.08831485917120439 1.508133584001283 0.09797606190706047 1 728.845 1198.0907 1
 0.0881180359942578 1.508032351864952 0.09758463724955621 1 640.27045 1173.4785 1
 0.08757337877881553 1.508081852485446 0.09755891107212523 1 626.5543 1060.2378 1
 0.0869627270453297 1.508199760614271 0.09755143374688599 1 619.47015 924.99304 1
 0.08636153302068482 1.508216171672049 0.09747908475337291 1 596.0575 792.6324499999999 1
 0.08575338634128286 1.508246559114863 0.09743091815908679 1 580.8226 654.18866 1
 0.08516954260796612 1.508282152970859 0.09740928768685352 1 573.1741 519.75165 1
 0.08458187574146671 1.508241994754236 0.09742799113659009 1 572.1894 384.22403 1
 0.084070945794516 1.508183684366341 0.09742462645841951 1 567.3997000000001 265.89215 1
 0.08373178566944496 1.508139990147471 0.0973147310824881 1 541.1435 188.76091 1
 0.08356840824469444 1.508194994092805 0.09721903159225384 1 521.9817 156.13383 1
 0.08369141423604404 1.50819358320886 0.09699069480903584 1 470.59152 188.06903 1
 0.08411629918322018 1.508351750799641 0.09674582503510673 1 431.67178 289.03217 1
 0.08462165306047074 1.508323306105845 0.09655000013256923 1 390.7874 402.99332 1
 0.08522971626860207 1.508311444805814 0.09639454612278898 1 361.72244 539.4582 1
 0.08588841404264833 1.508294518583267 0.0962440296795859 1 337.80884 684.8713 1
 0.08714537499680321 1.5082459053538 0.09604472380249052 1 319.42218 950.34766 1
 0.08774409721946393 1.508216694360478 0.09590353806301552 1 306.48096 1067.6252 1
 0.08826762067213093 1.508156111405038 0.09571085596613872 1 282.71146 1165.8582 1
 0.08841658673873923 1.508065577375555 0.09519972808990479 1 191.65068 1190.4666 1
 0.08804716902360289 1.508191835517545 0.09517784248950921 1 185.84605 1113.7898 1
 0.08750731528838157 1.508170154314039 0.09514919964680395 1 162.21182 1015.21234 1
 0.08687314203095367 1.508215588265729 0.09521263752208842 1 160.02301 889.4742 1
 0.086215685767314 1.50823653212557 0.09526058526325636 1 156.01918 755.1377 1
 0.08561423545822819 1.508246274601987 0.09520574074091329 1 137.70161 629.0161000000001 1
 0.08500283067766405 1.508146655809694 0.09513235131430502 1 108.72112 500.76572 1
 0.08449789542179123 1.508198564417194 0.09513174907029917 1 110.61756 393.07278 1
 0.0841933394858173 1.508376615137423 0.0944603806000455 1 15.985883 341.92203 1
 0.08833541767954678 1.508919983694024 0.09418532679716587 1 99.35535 1096.1171 1
 0.08798373480343363 1.508927235751815 0.09435946078664303 1 114.921555 1041.1965 1
 0.08758685670262838 1.508921668656639 0.09446436848150104 1 119.61294 975.84576 1
 0.08716844304526983 1.508945280997617 0.09457343061926532 1 127.35242 902.9438 1
 0.08673659090479505 1.508995668140668 0.09465983235481328 1 135.45982 823.927 1
 0.08627562414493713 1.509025714043255 0.09473134189070255 1 140.58604 738.5848 1
 0.08579525924769076 1.509006077483871 0.09479816553291988 1 142.2763 649.14233 1
 0.08531178064976974 1.508961696260407 0.09482854800636056 1 137.8322 557.6037 1
 0.08484845295292481 1.508932607907261 0.09482917069012567 1 132.29187 468.585 1
 0.08439789590007678 1.508860530253933 0.09484437358672079 1 126.22685 380.62115 1
 0.08403142507138743 1.508807485803069 0.09486786451161058 1 124.905304 309.01956 1
 0.08378640408188212 1.508803060622704 0.09496636734942381 1 140.9739 260.0061 1
 0.08366695679624685 1.508849053546493 0.09517975538301836 1 181.06235 234.12462 1
 0.08367588493666406 1.508925391043833 0.09546754496028365 1 235.25154 232.94139 1
 0.08381547269989037 1.508984329041793 0.09575085056689082 1 289.20007 256.6975 1
 0.08409125903442657 1.509011743734036 0.09590578691207741 1 317.81412 308.85477 1
 0.08449777151377576 1.509067985762059 0.0960222219003498 1 343.12683 388.41034 1
 0.08500446371699129 1.509119185553497 0.09613741208250386 1 369.37915 488.3184 1
 0.08558384011724471 1.509167953441641 0.0962566849763507 1 398.4389 601.66815 1
 0.08620155330210934 1.509194389257876 0.09635586739831932 1 424.63718 721.55 1
 0.08678359637073586 1.509121382191905 0.09642697499932565 1 442.37778 836.08704 1
 0.08733084418091151 1.50903003034519 0.0965291124437466 1 463.43124 943.8878 1
 0.08824812135027185 1.508894224685168 0.0967249308616713 1 510.0642 1119.0709 1
 0.08853829976147881 1.508838410696339 0.09766382253291196 1 689.71185 1178.5469 1
 0.08768650672508523 1.508836222638338 0.09792993107291205 1 729.93115 1028.5901 1
 0.08720041784543525 1.508871980821408 0.09801604921861207 1 743.3215300000001 933.1142 1
 0.08669553454242586 1.508893212380273 0.09806578298115595 1 749.64734 831.5221 1
 0.08616991084105913 1.508901892892486 0.09810616116595726 1 754.2248499999999 723.0687 1
 0.08564942758958767 1.508898711332879 0.09808226113742033 1 745.4186999999999 613.6942 1
 0.0851599190028479 1.508916485739487 0.09802327259226966 1 730.8143 509.7131 1
 0.08472777369648825 1.50893924351178 0.09789821924957089 1 703.31323 418.65878 1
 0.08433981035376177 1.508924231224584 0.09778077997873276 1 676.8251 337.43665 1
 0.08402817143283393 1.508908040642281 0.09774068095185823 1 666.68823 272.2222 1
 0.08383810089754039 1.508936063087905 0.09781627965399159 1 683.96985 232.92955 1
 0.08374570766846164 1.508949477347453 0.0980148749833384 1 725.4877 212.54884 1
 0.08377577032877676 1.508931886771 0.09826267249987658 1 776.95856 216.19179 1
 0.08397862220695085 1.508914595297244 0.09844165912414275 1 815.17065 256.63074 1
 0.0842810933053755 1.508861181893645 0.09858612644549397 1 846.22504 318.4642 1
 0.08467939641205448 1.508830711645551 0.098695156238919 1 870.8896 403.0759 1
 0.08516229902673869 1.508830418476743 0.09876352196564779 1 887.56604 507.24615 1
 0.0857081666582942 1.508839555971886 0.09881453600359831 1 901.02545 624.72424 1
 0.08627182293714526 1.508841549127121 0.09886524562681324 1 914.398 744.1817600000001 1
 0.08679339340855372 1.508767983134337 0.09890848555451776 1 925.78235 855.7221 1
 0.08726507215136506 1.508663987931756 0.09896245686098576 1 939.1579 957.2348 1
 0.08770950430449673 1.508596820512606 0.09902319222031258 1 953.75555 1049.1409 1
 0.08814837153242541 1.508595504265179 0.09906288761871816 1 963.5173 1131.6218 1
 0.08831197236673766 1.508593917959989 0.09978436482037424 1 1112.212 1156.8218 1
 0.08797047158258554 1.508559830430805 0.09989351040436188 1 1136.7358 1095.9333 1
 0.08756089722735783 1.508596825378045 0.100030308672948 1 1165.985 1013.7023 1
 0.08709813212561827 1.508624806440791 0.1001563789627222 1 1193.1627 918.24585 1
 0.08661019375011877 1.508655303537563 0.1002535045689324 1 1214.1191 815.54584 1
 0.08560060904090999 1.508659647647874 0.1004252353828677 1 1251.1195 598.6802 1
 0.08513761989871609 1.508667126528868 0.1004640359084649 1 1259.1747 497.3642 1
 0.08470562934734119 1.508636574748268 0.1004598744999031 1 1258.4675 402.62256 1
 0.08430302454262142 1.508622347715928 0.1004630405193682 1 1257.916 314.47202 1
 0.08393027868247692 1.508583257533215 0.100501045252667 1 1265.371 232.53429 1
 0.08363213470258496 1.508521901104552 0.1006048512950481 1 1288.3444 166.96086 1
 0.08484907442971751 1.508674123440821 0.1011616190142136 1 1404.0302 433.99524 1
 0.08535533904467632 1.508698367508105 0.1011676368202236 1 1403.9823 542.6913500000001 1
 0.08590131558701591 1.508665079690384 0.1011399745566422 1 1399.3751 659.71423 1
 0.08646477336835816 1.508618448094354 0.1011189718822017 1 1395.2441 779.8909 1
 0.08699753084971541 1.508552627634899 0.1011147508104319 1 1394.3551 892.5191 1
 0.08748324495481988 1.50848440043769 0.1011311180568492 1 1396.2096 993.0651 1
 0.08823609808605196 1.508413398559444 0.1012226629270743 1 1408.0326 1138.5963 1
 0.08801873861293841 1.50980614257969 0.105221966369123 1 1917.8911 944.66034 1
 0.08841326701219634 1.509829998458498 0.1051790703353623 1 1905.0592 1001.85254 1
 0.08871601710216705 1.509855945373586 0.1050956854776521 1 1885.9395 1045.1659 1
 0.08875122339362677 1.509884204987833 0.1049810067214021 1 1868.3143 1051.9155 1
 0.08844799530122753 1.509838212782762 0.1048974093218284 1 1869.5077 1011.7244 1
 0.08803530808798349 1.509814496022541 0.1047717565710429 1 1864.2631 954.41394 1
 0.0875070068637008 1.509833208035888 0.1046766399749901 1 1860.8531 875.1299 1
 0.08685892055641395 1.509825373065499 0.1046358554668558 1 1865.3486 774.1015 1
 0.0861458574284608 1.509801477181464 0.104580801014936 1 1867.5579 659.715 1
 0.08543770917963911 1.509790490287934 0.1045115855701613 1 1863.4663 542.8872 1
 0.08481782777458804 1.509810880194242 0.1044090764960738 1 1849.6924 439.10938 1
 0.08428911074809867 1.509827170314386 0.1043061757899782 1 1832.5503 350.0938 1
 0.08387231266001235 1.509910289556956 0.1042031244250896 1 1809.3755 281.02097 1
 0.08360966966208815 1.510004353922438 0.1040871792947731 1 1784.0758 238.32626 1
 0.08357711170535849 1.510066287103257 0.1039455351160602 1 1759.6622 232.68056 1
 0.08372846756520928 1.510088855511893 0.1038138953248673 1 1741.068 256.52484 1
 0.08402000631560823 1.510070176289473 0.1036902448237371 1 1727.2107 303.25845 1
 0.08441928045643804 1.510019226963696 0.1036032994591295 1 1721.0269 369.0382 1
 0.08496087177410967 1.509949388666845 0.1035058464323168 1 1713.8782 460.64352 1
 0.08556190994700857 1.509882501386556 0.1034732233675533 1 1713.755 564.36725 1
 0.08622830173330209 1.509871904250404 0.1034535294769063 1 1708.3986 678.69116 1
 0.08689183239172464 1.509874194331682 0.1034220966762165 1 1697.7876 790.42035 1
 0.08748645973192166 1.509864602161808 0.1034185998880368 1 1690.7322 888.1233999999999 1
 0.08799851672181183 1.509813561646467 0.1033914394150192 1 1682.7739 972.1661 1
 0.08808673053743946 1.50963719914241 0.1027847701399772 1 1603.9353 1004.95764 1
 0.08750539697898502 1.50955588195718 0.1027553743357957 1 1613.3616 913.8355 1
 0.0868455988520322 1.509532402853421 0.1027362862759798 1 1619.8622 801.4074000000001 1
 0.08618615331916317 1.509584443478813 0.1026924028671153 1 1614.6349 682.86395 1
 0.085554822722504 1.509650521273219 0.1026183671619565 1 1600.639 567.64923 1
 0.08498785323348046 1.509779442590207 0.1025660772999398 1 1583.7852 464.04477 1
 0.08449806357234799 1.509883484353794 0.1025268451687238 1 1568.7993 376.43173 1
 0.0840771082885565 1.509916781983446 0.1025073777107179 1 1561.2814 302.31174 1
 0.08381862813275262 1.509960730949242 0.1024831864109749 1 1552.891 257.7396 1
 0.0838765009774214 1.510002656170992 0.1023750682111933 1 1533.2502 267.9295 1
 0.08415967395941817 1.510025661760297 0.1022393923139671 1 1511.7654 317.0796 1
 0.08458024390580313 1.509983422719519 0.1020878912597638 1 1491.5841 390.59543 1
 0.0851600275751833 1.509926479858388 0.1018911795649652 1 1463.2175 494.6262 1
 0.08577330397713016 1.509795646605476 0.1017665040155697 1 1449.6592 607.7388 1
 0.08654077198122488 1.50976724350341 0.1016153090470352 1 1422.6376 748.6417 1
 0.08730932540975772 1.509721344344031 0.1014609716023825 1 1393.961 887.7335 1
 0.08798562006007141 1.509730761723004 0.1013450666060239 1 1367.402 1003.4522 1
 0.08852988725825585 1.509771924072236 0.1012422484436031 1 1342.9534 1090.1516 1
 0.08811235687176983 1.509764696998874 0.1005343904990211 1 1224.7689 1031.2792 1
 0.0875349453469967 1.509783620373315 0.1004576179243632 1 1213.2156 933.03613 1
 0.0868519362250684 1.509777127670101 0.1004395230020955 1 1212.236 812.43024 1
 0.08616638468630544 1.509758959026396 0.1003693650788093 1 1200.7845 687.2888 1
 0.08554291305585521 1.509774456274141 0.1002473680953127 1 1177.3396 570.101 1
 0.08501340632253111 1.509882955489892 0.1001588351331235 1 1156.7354 469.49225 1
 0.08448709975407945 1.509928301886923 0.1001432992928758 1 1150.9197 370.63083 1
 0.08403087689931112 1.509956311836767 0.100141996033593 1 1148.1743 287.0037 1
 0.08374850651088443 1.509932451402883 0.1000587774893443 1 1132.092 234.61887 1
 0.08371008344354094 1.509919046113269 0.09993229992178027 1 1108.7983 227.11676 1
 0.08390515629694539 1.509968463181185 0.09980488124321671 1 1085.1031 264.14743 1
 0.08424665539160363 1.510029667498096 0.09968132931414285 1 1062.5636 328.3962 1
 0.08468734338131263 1.510040194569388 0.09954240973737252 1 1038.2687 410.46173 1
 0.0852666747411772 1.510078791000636 0.099374152139681 1 1008.4106 518.1595 1
 0.08595625077201782 1.510104485188509 0.09918064577828876 1 974.3508 645.1314 1
 0.0866717484962171 1.510101135102952 0.09903350341414308 1 949.6123 774.67035 1
 0.08736454404132014 1.510067399572557 0.09891813889055628 1 931.03485 897.4757 1
 0.08798216048335343 1.510009706557739 0.09884845379120336 1 920.6991 1004.7535 1
 0.0884662049059472 1.509935345466035 0.09881814501728671 1 917.30896 1087.5714 1
 0.08896762931498516 1.509869749960252 0.0986287785804007 1 886.1455 1170.0841 1
 0.08898569077087304 1.509892961024812 0.09846455815891818 1 857.8801999999999 1171.1471 1
 0.08886050679121195 1.509915709517563 0.09825454005349259 1 820.3629 1150.6266 1
 0.08857788438182351 1.509927853020485 0.09811106301638696 1 793.4543 1106.0641 1
 0.08815369918818126 1.509931997625278 0.0980607100678763 1 781.60895 1038.0249 1
 0.08760366548264745 1.509912836486237 0.09804881405748064 1 774.81024 947.47815 1
 0.08699680994375275 1.509932734071376 0.09800671304815281 1 763.2560999999999 841.14374 1
 0.08635505337166077 1.509969873161008 0.09796431657267091 1 752.2311999999999 724.65106 1
 0.08572169373351707 1.510001934489456 0.09791995781184841 1 740.9856 608.03516 1
 0.08513750781486576 1.510021352968841 0.09784899277565569 1 725.3052 499.95383 1
 0.08461738451403535 1.510025029918278 0.0977589593702622 1 707.24567 404.19302 1
 0.08419362890681578 1.510032185154634 0.09770545353712394 1 696.52014 326.79227 1
 0.08388708739243637 1.510040787125683 0.0976614800126193 1 688.2434 271.62863 1
 0.08369322430222026 1.51002280677579 0.09757248045511036 1 671.45105 237.03612 1
 0.0836850752206782 1.510007767664742 0.09741998668310388 1 643.636 236.5459 1
 0.08386741642414904 1.51001972452517 0.09723151232800009 1 610.6585700000001 271.22885 1
 0.08416932571522114 1.510026135825712 0.09703205831694343 1 575.9563000000001 327.6496 1
 0.08454673005362287 1.510026257663023 0.09683702445883934 1 542.70026 397.4993 1
 0.08503104391587621 1.510056406723702 0.09662164385766897 1 508.8521 486.60922 1
 0.08561782427527929 1.510079311290799 0.09638620687089469 1 474.03815 592.80914 1
 0.08627458158592149 1.510133843355219 0.09612834150635789 1 439.85498 707.6339 1
 0.08691516658271888 1.510158667138142 0.09588664587362926 1 410.034 815.7109 1
 0.08750752466923845 1.510194414609749 0.09569593941974586 1 391.03656 910.51984 1
 0.08801931971740846 1.51021416803096 0.09556851387386162 1 381.40836 989.3577 1
 0.08844964455059551 1.510226699926403 0.09542248020096369 1 368.4732 1052.8463 1
 0.08877684106459148 1.510226849700892 0.09524171256832833 1 348.93353 1098.9298 1
 0.08890395055501241 1.510209690602283 0.09505523664247706 1 324.34854 1116.1016 1
 0.08874809972784439 1.510135697856201 0.09491970539860831 1 297.12277 1096.025 1
 0.08846104035591432 1.510138241605908 0.09473131023406305 1 264.54138 1052.0946 1
 0.08805852462561635 1.5101866978818 0.09459731275760623 1 240.30179 988.31586 1
 0.08755617509072408 1.510278006752553 0.09451017067559522 1 224.41464 907.01636 1
 0.08697500721167697 1.510369326061945 0.09444106394280545 1 211.14769 812.8058 1
 0.08634062593201353 1.510375392339936 0.09439328118662775 1 196.12358 711.8506 1
 0.08450267385285938 1.510318865035527 0.09433560666818905 1 170.43625 413.1738 1
 0.08420841367020213 1.510309023887052 0.0943560240396063 1 171.65349 364.946 1
 0.08408564637198226 1.51028427017654 0.09423943523908175 1 153.82692 346.0928 1
 0.08418041933444535 1.510325502358398 0.09396238945772575 1 119.850555 365.01123 1
 0.08440717803806454 1.510353231877207 0.09374685561789788 1 94.10723 403.80856 1
 0.08475121943001164 1.510348803227922 0.09359305680489322 1 75.18487 460.0378 1
 0.08523347121949126 1.510343252236731 0.09343607083507925 1 57.670025 537.6627999999999 1
 0.08582504068760838 1.510343117073006 0.09330227763741766 1 46.3449 631.21 1
 0.08648881885888288 1.510406664181706 0.09311916922835922 1 37.264763 732.1319999999999 1
 0.08713287883145954 1.510452097245614 0.09288260686508758 1 22.939327 826.00946 1
 0.08769475274193635 1.510435977903735 0.09268957040886083 1 10.0269 906.14526 1
 0.08820503481390969 1.510469799175633 0.09252421092940986 1 4.725534 974.2366 1
 0.08365235143231321 1.511782079042482 0.09233786395401317 1 33.36254 319.28406 1
 0.08360636103106911 1.511951585340273 0.09246572914379959 1 58.456593 313.26648 1
 0.08381860204329179 1.512077687963061 0.09256462915645412 1 77.02370500000001 341.41983 1
 0.0841769217529839 1.51210467125527 0.09271509236305477 1 95.22454999999999 387.2496 1
 0.08463987080335249 1.512141075284719 0.09283638757136933 1 111.570145 448.4203 1
 0.08681273033748479 1.512064936942356 0.09309501308182511 1 151.33 739.2012999999999 1
 0.08738583998735536 1.51191370393431 0.09304913590061643 1 144.49483 818.30884 1
 0.08789684506523296 1.511801533516202 0.09307805478300346 1 148.70811 888.4199 1
 0.08836359091181997 1.511748146772278 0.09314604686006682 1 160.95407 950.6796000000001 1
 0.08879425197819969 1.511693819232871 0.09325386144232099 1 177.72563 1008.00854 1
 0.08889558079966429 1.511607062267389 0.0939027657660098 1 249.85008 1030.7203 1
 0.08839192633781176 1.511625477744405 0.09404842728767575 1 259.13336 966.2578999999999 1
 0.08770398480596507 1.511660152123689 0.09421132863685465 1 269.82294 874.27606 1
 0.08698069832925215 1.511749441698918 0.09434960222282479 1 282.40503 772.29285 1
 0.08631224118851472 1.511815111591722 0.09440411644613579 1 285.76062 676.76324 1
 0.08567554731022885 1.511885950718048 0.09447220518445755 1 293.08734 585.022 1
 0.0850724461738767 1.511932456938638 0.09457138490441767 1 304.72897 498.0462 1
 0.08455810774284327 1.511923027211477 0.09467694652228208 1 315.81653 423.7513 1
 0.08415561725524212 1.511991096120556 0.09486681295271512 1 342.97476 365.08664 1
 0.08393276755988684 1.512036662339375 0.09506225819395155 1 370.40625 332.123 1
 0.0839593462156967 1.512108037274877 0.09524862675220368 1 398.1881 335.02054 1
 0.08416793582368717 1.512133140868689 0.0954462334371618 1 425.62143 363.33908 1
 0.08451248171975137 1.512078691487534 0.09564403298223753 1 450.41418 411.07187 1
 0.08496399447891899 1.512034702021451 0.0958786811283163 1 482.10388 475.3286 1
 0.08557909499038677 1.51198049756994 0.0959711830148712 1 496.7651 565.6069 1
 0.08622755363557739 1.511983889469409 0.09613143182567989 1 521.9288 659.64374 1
 0.08685608427417808 1.512012433610962 0.0963278524902183 1 554.913 749.4977 1
 0.08744935445679017 1.511967419491714 0.0964939101704346 1 581.4648 835.1536 1
 0.08797527371589725 1.511959240957419 0.09666018690048919 1 609.1281 908.8612000000001 1
 0.08841142868327621 1.511973430418026 0.0967958290123903 1 632.3803 967.83813 1
 0.08867658111660426 1.511962049242911 0.09695290046543702 1 656.3766000000001 1004.0592 1
 0.08871410405791301 1.511917399320716 0.09716713559989375 1 685.4496 1011.57806 1
 0.08854127400266654 1.511805558059474 0.0973986021464494 1 714.45197 993.8955 1
 0.08823884662161417 1.51177078183467 0.09757556877568739 1 737.0828 954.2602000000001 1
 0.08779795680977318 1.511749484359722 0.0977131599346153 1 753.85004 893.08514 1
 0.08727693907280169 1.511735069703932 0.09776924024751631 1 758.85486 818.27014 1
 0.08669297644239864 1.511775772674912 0.09778765589299847 1 759.0973 730.4891 1
 0.0860920775553369 1.51181586248073 0.09776000028281939 1 751.9465 639.5960700000001 1
 0.08551402773423918 1.511835811140569 0.09764401046401766 1 733.23145 551.29846 1
 0.08495108953948195 1.511921701164352 0.09755731531846921 1 719.0905 465.6294 1
 0.08444187216355582 1.511974943049492 0.09747239336657629 1 706.908 389.60938 1
 0.08403948035037771 1.512081504681384 0.09746131806937118 1 706.6601000000001 330.90543 1
 0.08377924780648253 1.512189463724745 0.09761196379763235 1 730.0598 293.56808 1
 0.0836359102821502 1.512184121502295 0.09795995274853699 1 780.99567 270.9134 1
 0.08369082445833526 1.512142263283634 0.09833121490748761 1 835.4228000000001 276.70752 1
 0.08396457705347284 1.512075508338255 0.09859482007639232 1 874.75793 314.97675 1
 0.08437952366922191 1.51200479226336 0.09876976409544964 1 901.8542 375.62817 1
 0.08493931871978293 1.512047053083395 0.09888434731826565 1 920.8364 459.55124 1
 0.08558814875063844 1.512001306479195 0.09892991618410668 1 928.9017 557.3123000000001 1
 0.08623468123924802 1.511932487357131 0.09901101030070918 1 943.36285 655.756 1
 0.08691714614509265 1.511934133229557 0.09908701170139085 1 956.57025 757.0424 1
 0.08753452333575461 1.511945968078694 0.09918982023945379 1 973.0007000000001 846.1021 1
 0.08801837309011538 1.512023835522817 0.0993302656604939 1 994.6837 910.7577 1
 0.08832071729966007 1.512039981003399 0.09952129155375172 1 1022.7508 951.02454 1
 0.08846386136209881 1.511949485346689 0.09969644536917685 1 1048.9248 973.8036 1
 0.08641204507596671 1.511739953037968 0.10050539115559 1 1171.8137 681.49536 1
 0.085848466395696 1.511748099135638 0.1004149248665205 1 1158.0734 595.9058 1
 0.08527125366756928 1.511751111080424 0.1003256726063298 1 1143.3397 507.4335 1
 0.08471073473608669 1.511838970340089 0.1003170626930839 1 1139.0082 421.53415 1
 0.08421999471709478 1.511927060523648 0.1003819199006571 1 1146.1626 348.23044 1
 0.08380440182787591 1.511961436993726 0.1005464082081056 1 1168.143 286.25406 1
 0.08352129606543285 1.51198664405138 0.1007744770592281 1 1200.063 245.25348 1
 0.08348976738070234 1.512027256593041 0.101005919270001 1 1232.544 241.73035 1
 0.08363736242803541 1.512071950769425 0.1012567111095377 1 1268.285 264.31195 1
 0.08390080202891945 1.511940022084445 0.1015007954474215 1 1308.6929 301.12643 1
 0.08429702444496318 1.511798438354415 0.1017294217241407 1 1348.204 358.5061 1
 0.08487283294953463 1.511710665515676 0.1018455826399754 1 1370.1364 444.76852 1
 0.08555544942634477 1.511761830508257 0.1019325680216457 1 1381.2882 547.5083 1
 0.08623763685315726 1.511840870543692 0.1020374504758185 1 1392.3304 647.74414 1
 0.08689680992055134 1.511871635581271 0.1021011102059392 1 1398.1832 742.90784 1
 0.08748876793899185 1.511883906381684 0.1021473887570545 1 1401.378 826.48676 1
 0.08795809196496626 1.511867670636256 0.1022428959940296 1 1412.2388 891.3816 1
 0.08821654725835837 1.511872339829502 0.1024580720090203 1 1439.6521 924.4628 1
 0.08810405199365684 1.511727907051778 0.1029415751330925 1 1509.636 910.2129 1
 0.08785902659202621 1.511681856093126 0.1030912820067832 1 1533.3854 877.06323 1
 0.08746627675906743 1.511645438405976 0.1032129413323248 1 1554.1416 822.67975 1
 0.08696495147754961 1.511613352852652 0.1032872415654676 1 1569.1382 752.06354 1
 0.08638996903168028 1.511586084134046 0.1033077319101243 1 1576.3834 669.5064 1
 0.08577926302746222 1.511601324605726 0.1033021663231462 1 1576.6787 579.74835 1
 0.08519449260790907 1.51162564269378 0.1032122984108892 1 1563.9348 493.34045 1
 0.08463328415332357 1.51159693856857 0.1030769944280433 1 1546.753 410.05923 1
 0.08414683769468924 1.511654447114063 0.1029812502156561 1 1529.2258 338.1566 1
 0.08372539135236139 1.511763552480031 0.1029990248811335 1 1523.8093 278.04385 1
 0.0834407506064937 1.511883620394827 0.1031192283940812 1 1531.7828 239.6637 1
 0.0833032897236194 1.511979457274255 0.1033751317258891 1 1559.1368 224.02286 1
 0.08324427415493245 1.511981130481266 0.1037618045008229 1 1607.3125 218.58858 1
 0.08337913447934482 1.51198574588257 0.1040717899721772 1 1646.0526 239.46338 1
 0.08368752600858601 1.512003160329251 0.1042910335696113 1 1673.1882 283.55145 1
 0.08419989155358085 1.511998888093034 0.1043802305626847 1 1686.4552 354.58008 1
 0.08483302838080667 1.512007610112181 0.1044464658249348 1 1695.2086 442.1345 1
 0.08550673153986493 1.511966986615848 0.104532880488184 1 1707.843 535.85583 1
 0.08623889036749385 1.511914264573728 0.1046107508687945 1 1717.8933 637.29395 1
 0.08692969679605077 1.511930058506033 0.1047661717905206 1 1730.5398 730.0128 1
 0.08760183548969767 1.5120418057696 0.1049037694737206 1 1733.49 814.7994 1
 0.088139468185613 1.512085153913211 0.1050735743644805 1 1743.8875 880.5974 1
 0.08850924848844359 1.512045834641673 0.1052572443612083 1 1761.3228 925.5603 1
 0.08869656493627975 1.512030746547659 0.1054903845421765 1 1784.0892 946.11487 1
 0.08860262452153364 1.511993832133421 0.1057928265734473 1 1818.6686 932.1427 1
 0.08829618686146558 1.511914091821203 0.1060141133222802 1 1850.0565 894.7205 1
 0.08784521723972639 1.511780348571911 0.1060929947879222 1 1872.3065 841.6618 1
 0.08726280331100875 1.511658518697408 0.106090684000026 1 1886.7109 770.25226 1
 0.08664150527165122 1.511620696525603 0.1060191325319749 1 1887.6106 689.8816 1
 0.08599889742879654 1.511617375925961 0.1059152204895831 1 1881.2495 604.385 1
 0.08529709979551059 1.511658574630632 0.1058956072488741 1 1878.5026 509.0901 1
 0.08514463551100197 1.512961603870405 0.1072720881388661 1 1918.718 484.39673 1
 0.08449044747360693 1.512969094902922 0.1070152719350311 1 1898.8237 407.46667 1
 0.0839293584916095 1.513099873184315 0.106842377095478 1 1873.3094 340.52707 1
 0.08347798152059388 1.513163983541296 0.106748894853715 1 1858.714 287.30304 1
 0.08351443352971269 1.51344592632093 0.1063676259602207 1 1806.7972 291.86646 1
 0.08394845782552582 1.513456443547359 0.1061992282273429 1 1792.1902 341.80164 1
 0.08446053381821192 1.513545034887531 0.1061015048021758 1 1779.3115 402.20627 1
 0.08508378298009947 1.513532703110515 0.1060317421367081 1 1774.0735 475.72397 1
 0.0857716089380795 1.513460783419026 0.1060276165497943 1 1777.062 557.6276 1
 0.08653071227192362 1.513358377522202 0.1060199721768082 1 1779.4869 648.7005 1
 0.08881655302016679 1.513215713614249 0.105917836426484 1 1758.9998 916.27747 1
 0.08914787740321832 1.513285880126076 0.1057833750773636 1 1738.5947 952.06415 1
 0.08925238483419623 1.513295952700372 0.1056211261790567 1 1721.5153 965.0522 1
 0.08909629282300612 1.513255605424834 0.1054840590394175 1 1711.5664 950.6802 1
 0.08871602325204511 1.513268135107974 0.1053754098223379 1 1704.4922 909.3052 1
 0.08813674823131108 1.513259212908668 0.105285687859843 1 1701.3121 843.68445 1
 0.08744066277004731 1.513240083103791 0.1051925854813961 1 1698.3981 763.0700000000001 1
 0.08670989278994272 1.513191177621347 0.1050712450483568 1 1692.809 676.45844 1
 0.08594206187229417 1.513165603467578 0.1049778054453959 1 1687.1549 582.38794 1
 0.08522676690157859 1.513178300135861 0.1048365632939499 1 1672.2354 492.85092 1
 0.08458315646933917 1.513210757447115 0.1047073653792554 1 1656.0226 412.0129 1
 0.08409033427918627 1.513235911379744 0.1045352233250245 1 1634.6165 349.9676 1
 0.08372627380356602 1.513236177779645 0.1043745983030047 1 1615.4546 303.8348 1
 0.08346114268855089 1.51331401872212 0.1042712875660404 1 1598.8882 271.23605 1
 0.08337532498956478 1.513388490876663 0.104108667665681 1 1576.7445 260.75314 1
 0.08351826748129366 1.513466559174343 0.1039583302415223 1 1557.1102 278.73984 1
 0.08388279015347655 1.513495437755718 0.1038301515590997 1 1542.9827 323.78668 1
 0.08436671133499273 1.513388309866391 0.1038123704685175 1 1547.4374 383.5219 1
 0.08499506501533273 1.513329390742183 0.1038270304629232 1 1552.9697 462.68634 1
 0.08570029830267564 1.513260370008308 0.1038385623135993 1 1557.577 552.81506 1
 0.08644104807917002 1.513311659609898 0.1038098826195156 1 1550.5992 646.0401000000001 1
 0.08716047234743379 1.513326694712875 0.1037276670451019 1 1537.8918 735.91534 1
 0.08786220783228757 1.513274945725605 0.1035596578282408 1 1517.2329 824.18994 1
 0.08843098643962198 1.513273269370918 0.1034764560802943 1 1503.9983 893.178 1
 0.0888329725220315 1.513298721008393 0.1034112992927982 1 1492.4539 940.0639 1
 0.08902611638286381 1.513396752138412 0.1033259337933472 1 1477.4823 959.84247 1
 0.08899058874145528 1.513392979301585 0.1031720427973299 1 1461.4736 957.31537 1
 0.08873968582285698 1.513319668210944 0.1030167357416422 1 1447.3547 931.8038299999999 1
 0.08831450427683099 1.513212847877924 0.1028424383717522 1 1433.7609 886.0515 1
 0.08776684655959412 1.513097427246236 0.1026716344910266 1 1420.6343 823.1862 1
 0.08712936004455353 1.51308034153396 0.1025386209680448 1 1407.6262 743.2655600000001 1
 0.08642590774108315 1.513068154510215 0.1024693715917234 1 1401.266 652.2998700000001 1
 0.08571173039360785 1.513139979707093 0.1024232870832927 1 1393.6241 557.4254 1
 0.08501154978926928 1.51323405724451 0.1024162486884419 1 1388.1683 464.97678 1
 0.08444465910972287 1.513306538863715 0.1022772491651885 1 1367.7158 390.42776 1
 0.08398478895346742 1.513391751509821 0.1021755449020084 1 1350.7059 331.17313 1
 0.08364587472397357 1.513432245023783 0.1020901392048696 1 1337.4565 288.01993 1
 0.08347125807980769 1.513463624282536 0.1019216998704475 1 1314.7698 265.73016 1
 0.08339293665517732 1.513496429609702 0.1017800658411919 1 1295.7662 255.96864 1
 0.08350076951065911 1.513522331717117 0.1016092642841321 1 1274.213 269.7005 1
 0.08380234466247927 1.513490342215022 0.1015212818205832 1 1264.98 307.87064 1
 0.08489613936638692 1.513381738650463 0.1013579786573285 1 1250.3359 449.89792 1
 0.08558243404661463 1.513298043314305 0.1013113779795537 1 1247.084 541.12897 1
 0.08628304406064081 1.513262665878459 0.1012681861909335 1 1242.6816 634.4287 1
 0.08695692339042337 1.51315625415568 0.1011656196647781 1 1231.4437 725.44403 1
 0.08758201529236539 1.51311282702972 0.101043194272413 1 1215.856 808.3004 1
 0.0881336853301639 1.513157299889217 0.1009209274171217 1 1198.0579 877.679 1
 0.0885738502645019 1.513234504886939 0.1007793358793779 1 1177.4683 930.318 1
 0.08887483445736469 1.513231092944761 0.1005910228716527 1 1152.9176 967.9997 1
 0.08754346137790459 1.512983101461497 0.09991819897721756 1 1069.1174 811.61395 1
 0.08686200291893377 1.512994663643185 0.09978999910391755 1 1051.0509 721.1276 1
 0.08612167170098615 1.51308847303594 0.09981601505050869 1 1052.6117 619.21857 1
 0.08542159222862837 1.513143367156884 0.09975553095491371 1 1042.6243 523.6506000000001 1
 0.08477992793533673 1.513176671637601 0.09978936654677614 1 1045.4358 436.1054 1
 0.0842138432048003 1.513187472032832 0.09977529037317164 1 1042.0829 359.50894 1
 0.08375561234024421 1.513327825278684 0.09970981905933336 1 1030.8627 299.99652 1
 0.08341360004868982 1.513392398378415 0.09951911339248004 1 1003.9582 256.20764 1
 0.083204609280636 1.513459500841737 0.09932482225087713 1 977.3142 230.58519 1
 0.08320441085282393 1.513485879394442 0.09912058242548041 1 950.31885 231.46825 1
 0.08343980036451303 1.513430454498553 0.09908509784532606 1 946.2732 261.15198 1
 0.08384472041218971 1.513403993989631 0.09905872432343311 1 943.7142 313.97055 1
 0.0843701335972588 1.513342430542813 0.09899060273058362 1 935.8855600000001 383.2636 1
 0.08504154724070452 1.513374008777768 0.0989501764520949 1 932.0867 473.2942 1
 0.08577796633254814 1.513323097440244 0.09884056788434031 1 919.0589 572.47815 1
 0.08653426207136156 1.513282763403298 0.09866390308828994 1 897.36914 674.2825 1
 0.08724359554063078 1.513299972246169 0.09848154669416896 1 875.2686 767.4795 1
 0.08783602379865366 1.513323682037413 0.09835237920726639 1 860.50946 842.9164 1
 0.08832334441418414 1.513308635873267 0.09816928092011316 1 838.4378 904.5828 1
 0.08868529244547602 1.513377361979905 0.09803804640982586 1 823.6844 946.545 1
 0.08886689118546556 1.513431486475208 0.09790099967578067 1 807.4705 966.4179 1
 0.08884934515352472 1.513433972305755 0.09772419773020127 1 785.3423 964.0934 1
 0.08861552466754791 1.513409804983958 0.09757935606929093 1 765.49866 936.924 1
 0.0881778718865638 1.513362448053733 0.09749186939085235 1 751.2636 885.10046 1
 0.08756561306527513 1.513361113938221 0.09742168880071746 1 738.93396 808.45605 1
 0.08683025731801179 1.513415860196703 0.09737015168189202 1 729.46826 712.90796 1
 0.08606183935132597 1.513476054355359 0.09741567011890036 1 733.1559999999999 611.86975 1
 0.08535724315170745 1.513582511526675 0.09751169706440505 1 744.84375 518.5993999999999 1
 0.08475626745862341 1.513606946371704 0.09753040528729122 1 745.9733 439.98514 1
 0.08426395781684833 1.513605157643427 0.09758936193485562 1 752.5119 375.58847 1
 0.08386004542211445 1.513579887350223 0.09755489466476128 1 746.905 323.16345 1
 0.08353827939382512 1.513578432127413 0.09744659307444577 1 732.4939000000001 282.22748 1
 0.08334463379948931 1.513638163000099 0.09726644741947647 1 710.2323 259.40878 1
 0.08334185941981402 1.513680349039292 0.09704068957360794 1 681.946 260.8001 1
 0.08360375924363894 1.513630989100887 0.09690804719349773 1 664.5681 294.0988 1
 0.08404641896603758 1.513510182461658 0.09677339884154725 1 645.0543 350.34402 1
 0.08464007197616896 1.513369958238756 0.09658717400517798 1 619.0296 428.01917 1
 0.08536842489527842 1.513346512423468 0.09641338043290495 1 598.64886 524.63055 1
 0.08614435860626367 1.513393303015824 0.09621129049450247 1 578.0182 626.20514 1
 0.08688541390662392 1.513478321413586 0.09604277067447486 1 564.0679 719.9819 1
 0.08754145216337308 1.513543171606435 0.09595371291607596 1 559.7969000000001 800.46655 1
 0.08808880567729585 1.513517769135466 0.0958571640959679 1 551.8579 867.75635 1
 0.08852623594987075 1.513509758082052 0.09575819664534632 1 543.6586 920.1055 1
 0.08884271487698639 1.513494550937897 0.09563463753464629 1 531.71564 957.3395 1
 0.08897605445737058 1.513456799142145 0.09549051472457866 1 515.151 973.6721 1
 0.08890847725073689 1.513407202691758 0.09533552806277863 1 494.85748 967.1717 1
 0.08865827522518745 1.513385438956345 0.09522315824865707 1 478.76105 938.3944 1
 0.08823641498231741 1.513356607469694 0.0951366863822649 1 463.05536 889.0597 1
 0.08765287208108742 1.513349234103993 0.09512294943794096 1 455.30222 818.4690000000001 1
 0.0869689917405421 1.513297709355129 0.09509413751305515 1 444.03195 734.5051999999999 1
 0.08623794938420404 1.513255587167043 0.09510983922217832 1 438.88733 642.1595 1
 0.08373554006455031 1.513551014175438 0.09506738135477176 1 436.58224 321.6414 1
 0.08335594330975736 1.513660031664072 0.09499188639030483 1 432.22266 276.2246 1
 0.08313674874789589 1.513675540151927 0.09477447879276152 1 407.56564 251.44185 1
 0.08309376459527965 1.513617775127669 0.09449260179348336 1 373.1635 247.82272 1
 0.08327802736435522 1.513588444947144 0.09434102244377132 1 354.6838 271.244 1
 0.08364788844541116 1.513526350775319 0.09423260440576207 1 339.5401 316.96808 1
 0.08416321031885494 1.513500837619743 0.09415516451592715 1 330.19858 381.2029 1
 0.08478641186191707 1.513515780814433 0.09405213563980609 1 320.67657 459.49628 1
 0.08548432625167197 1.51350124799455 0.09396366363045255 1 313.0815 546.8836700000001 1
 0.08621374367513074 1.513433658248803 0.09396374864759222 1 314.31436 638.2139 1
 0.08694575018906409 1.513393417267744 0.09385923252235852 1 306.91214 729.00415 1
 0.0876289726993781 1.513425023007042 0.09376284541468424 1 304.65942 810.50806 1
 0.08822195690111145 1.513516624282722 0.09363223496095958 1 301.6412 877.0793 1
 0.08866151942289667 1.513546567312045 0.09350063929857425 1 294.7878 925.5439 1
 0.08890986387442801 1.513582643792363 0.09333772590880535 1 282.72705 951.2111 1
 0.0889455566447413 1.513557066691582 0.09317839198049499 1 265.77753 955.01196 1
 0.08880979291244231 1.513539410378032 0.0929775500931789 1 242.88048 939.4316 1
 0.08851880344910729 1.513519689241049 0.09277141446235872 1 217.26624 906.48114 1
 0.08806694797839451 1.513508024972995 0.09270063883099972 1 203.66246 855.38043 1
 0.08748193445792121 1.513478093721701 0.09267554404340568 1 192.6834 788.9453999999999 1
 0.08681690739416055 1.513496571101627 0.09269946954043973 1 189.11725 710.58545 1
 0.08611919727023633 1.513527431607264 0.09273947683505573 1 188.93925 627.0654 1
 0.08542149958287572 1.513533968985469 0.09277417313308975 1 188.44348 543.1070999999999 1
 0.08477918957322049 1.513585806167198 0.09286528246574265 1 197.67746 465.07535 1
 0.08420336360262907 1.513636445975266 0.09289152011648343 1 201.70445 395.7858 1
 0.0837156322757794 1.513701584041077 0.09280074637100164 1 195.47556 338.9349 1
 0.08336772856687105 1.513768964001553 0.09264166977327802 1 183.26173 299.9382 1
 0.08320298093443657 1.513822383002032 0.09245266959202189 1 167.58313 283.33688 1
 0.08326916036322855 1.513775951465565 0.09226407582191737 1 146.69882 292.31448 1
 0.08355494284482404 1.513666005379522 0.09210810198600504 1 125.31426 325.73685 1
 0.08400874527914633 1.513565651299011 0.09194247172527877 1 104.05797 379.76465 1
 0.08463818066811694 1.513522389870843 0.09181449347506242 1 90.72546 454.52728 1
 0.08538884242909749 1.513543246028381 0.09170949181893852 1 85.06881 543.02325 1
 0.08616702602686918 1.513591062676673 0.0915855290608841 1 81.38806 633.3546 1
 0.08691543144855536 1.513588168364947 0.09147288855631756 1 77.49359 719.02655 1
 0.0875975039930592 1.513584917604516 0.09131926064764335 1 70.96933 795.42737 1
 0.08819287567039313 1.513551861059002 0.09118246124375939 1 64.63582599999999 861.2145 1
 0.08869492166447683 1.513598587612834 0.09107750674791265 1 65.17572 913.38525 1
 0.08905841554284456 1.513688998551958 0.09087305135958038 1 57.69665 947.5583 1
 0.08742075869428066 1.514512569753977 0.09103017107703885 1 92.67831 756.5607 1
 0.08807503492817115 1.51444977812072 0.09111066664191518 1 103.60109 826.60724 1
 0.08864138333156558 1.514457956528653 0.09120216299275735 1 118.7911 885.1339 1
 0.0890534586308052 1.514419624162366 0.0912530588197048 1 125.96194 928.3878 1
 0.08919076983703633 1.514430245537191 0.09133387960066205 1 136.17476 942.2963999999999 1
 0.08903417513560122 1.514441893937114 0.09150639663635239 1 149.41261 927.2054000000001 1
 0.08862784631651317 1.514456956877982 0.09160421271877553 1 153.58727 885.67664 1
 0.08804482149933202 1.514411357741706 0.09164854196974997 1 148.32521 826.2231 1
 0.08735683453286193 1.514446176205555 0.09173443731299717 1 150.36417 752.51447 1
 0.08660875730607175 1.514486023526255 0.09180286409971848 1 151.7812 670.96484 1
 0.08585388310667566 1.514559476568395 0.09191899885307596 1 160.78325 587.3429599999999 1
 0.08510875884607622 1.514514163772054 0.0919735088818269 1 159.79688 505.3097 1
 0.08437746940425794 1.514642204330424 0.09204537367996321 1 170.58444 424.17648 1
 0.08372086436623274 1.514668431175179 0.09215784181738371 1 181.54022 351.48724 1
 0.08322450517339712 1.514689289161444 0.09232199147788737 1 198.02531 296.00497 1
 0.08293492548865088 1.514698999026157 0.09253835610849463 1 219.25334 262.63312 1
 0.0828724327766945 1.514704603826869 0.09274540201233629 1 239.39499 253.96162 1
 0.08288153911005133 1.514700129672313 0.09275315278095177 1 239.9609 254.79723 1
 0.08303442835552423 1.51429392498474 0.09285759634676537 1 230.94745 265.65927 1
 0.08313644875601364 1.51457806745084 0.09322422778546094 1 280.00943 277.07892 1
 0.0833653100406533 1.514570132132131 0.0931119832613822 1 268.33597 303.66714 1
 0.08377055823839541 1.514567925511913 0.09310474723266775 1 267.5464 349.06735 1
 0.08423544797281386 1.514564915623674 0.09307804248863855 1 265.22052 401.62915 1
 0.0847822080334824 1.514582035662032 0.09311190693501865 1 270.56525 463.2801 1
 0.08538892997495917 1.514561013477902 0.09317383193698733 1 277.9369 531.8518 1
 0.08601215951634227 1.514518206172373 0.09319400680329123 1 281.2897 602.7844 1
 0.08663344153905259 1.514463216236217 0.09326331065560743 1 289.92853 673.6136 1
 0.08724211059541789 1.514473295481698 0.09336810330635016 1 305.6842 741.78534 1
 0.08780054657315238 1.514447355785397 0.09342472476224034 1 315.44315 804.2822 1
 0.08829663243799225 1.514425083710086 0.09350477840226341 1 327.68802 859.2563 1
 0.08869910926515827 1.514405554204103 0.09362859704898201 1 343.78967 903.63904 1
 0.08894846548214123 1.514369956754864 0.09375879630428403 1 358.37878 931.91266 1
 0.08896717766778499 1.514352597825581 0.09397837749516122 1 380.35837 935.44867 1
 0.08875133561463142 1.514303981186547 0.09418079368656429 1 397.07422 914.5308 1
 0.0883614053074936 1.514278191538601 0.09433921147980859 1 408.58316 873.0964 1
 0.08786414099669874 1.514237290084772 0.09446195060418383 1 415.35352 818.7572 1
 0.08727053894597608 1.514274150306101 0.09465792622338176 1 432.86356 750.0887 1
 0.08664085620203162 1.514253382127903 0.09472519544262409 1 434.81516 676.99945 1
 0.08596716857972302 1.514321960496401 0.09488368641648434 1 450.7568 596.1355 1
 0.0853002318103326 1.514396415548124 0.0950036314262746 1 463.5906 516.0145 1
 0.08466415080948377 1.514437103505751 0.09510308371524671 1 473.9781 439.90256 1
 0.08409748886071854 1.514431255667527 0.09520236478230536 1 483.62274 372.15936 1
 0.08361865254745769 1.514440398181618 0.09538343818593506 1 503.79028 314.62827 1
 0.08326834785395383 1.514470258413058 0.09555587437503617 1 523.995 272.51227 1
 0.08307232775583404 1.514573096483368 0.09572410525315801 1 546.1643 249.71263 1
 0.0830717369389386 1.514604063549785 0.09594253054631659 1 571.9429 248.89326 1
 0.08327397788731637 1.514582255259283 0.09609485333946559 1 588.70624 271.40732 1
 0.08366684467496127 1.514473132049111 0.09616867121144392 1 594.77716 316.01288 1
 0.08642164864151849 1.514286340128534 0.09662424105194882 1 652.1686999999999 647.8926 1
 0.08715642869994006 1.514253961092939 0.09657102842740223 1 648.8092 736.9163 1
 0.08781318567730249 1.514200143142366 0.09661096213906997 1 656.27075 815.9733 1
 0.08834504916575091 1.514228836387633 0.09678514373225147 1 680.5487000000001 877.0066 1
 0.08875384265457983 1.514273685007982 0.09698342610115117 1 706.8498499999999 922.2368 1
 0.08902241155004233 1.514267800773777 0.09711430732563237 1 723.7243999999999 952.5881000000001 1
 0.08907707376616926 1.514282106372634 0.09728346810304317 1 744.06793 958.3496 1
 0.08893669838588081 1.514293982753403 0.09743985672813135 1 761.7387 942.3521 1
 0.08863263990572538 1.514312882252504 0.09756968681695255 1 775.6575 907.47845 1
 0.08819896820377478 1.514252056438474 0.09768323202069289 1 786.4732 859.42426 1
 0.08761468184898523 1.514256843866915 0.09785455354077634 1 804.6832000000001 790.3836 1
 0.08696699121701233 1.514233404280508 0.09795193066956821 1 813.9290999999999 712.9492 1
 0.08629366707303689 1.514282471233328 0.09801308876638912 1 819.7103 629.66003 1
 0.08561309030986269 1.514407521925494 0.09811830414006446 1 831.72943 544.7173 1
 0.08501323765703592 1.514440998306222 0.09810408829306139 1 828.76135 471.04776 1
 0.0844320781148155 1.514488178361986 0.09824204076716653 1 844.3472 399.8571 1
 0.08396063630932801 1.51451310929192 0.09830729685946375 1 851.83344 342.4326 1
 0.08357447446210534 1.514527162414201 0.09844196827125677 1 867.5227 295.7133 1
 0.08334290633272842 1.514534950148256 0.09853822245469895 1 878.8243 267.73035 1
 0.08331662595548542 1.514533095891354 0.0986667432608692 1 894.37213 264.20114 1
 0.08347643651389024 1.5143966057117 0.09887140011987855 1 919.50476 280.98035 1
 0.08379058244496111 1.514386883055874 0.09910208683356268 1 948.61334 318.49957 1
 0.08428795238402804 1.514410956443383 0.09917373167865345 1 958.55316 379.2668 1
 0.08486193057469449 1.51443494823161 0.09930856282843177 1 976.345 449.4576 1
 0.08549156535791951 1.514415471741701 0.09945567072364909 1 995.83844 526.6639 1
 0.08616724598270911 1.514379628667673 0.09954850821177851 1 1008.7365 609.6454 1
 0.08689281660407687 1.514347274458414 0.09953279147707755 1 1007.94794 698.68427 1
 0.08758604657212743 1.514319470334086 0.09960224074091824 1 1017.7864 782.0933 1
 0.08824252753369272 1.514289713993031 0.09963281390145598 1 1022.3769 859.9983999999999 1
 0.08877002466965904 1.514267621365612 0.09971543132045552 1 1032.951 921.2646999999999 1
 0.08904661000335104 1.514249504972934 0.09995544461452636 1 1061.9335 952.3025 1
 0.08911336751277199 1.514239665025067 0.1002076001707787 1 1091.7252 959.3243 1
 0.08898560687331113 1.514225429896063 0.1003755038796773 1 1111.914 944.84155 1
 0.08868228449483606 1.51421201247634 0.1004583046265963 1 1122.1859 910.44293 1
 0.08820833840969439 1.514265951783814 0.1005351123760843 1 1130.9846 853.9195999999999 1
 0.087593907370493 1.514278720471373 0.1005903995317283 1 1137.7162 781.2079 1
 0.08688156014269993 1.514250098831141 0.1006368936061533 1 1143.7891 696.0579 1
 0.08610780921472327 1.514353713382533 0.1007004405511094 1 1149.4175 600.0868 1
 0.08536384114433337 1.514385543602124 0.1007795329149503 1 1157.5465 508.65118 1
 0.08469974839185831 1.514406938396888 0.1008744914184487 1 1167.4464 427.18893 1
 0.08415008139019547 1.514435972349942 0.1009375583352129 1 1173.2739 360.35477 1
 0.08370455986198345 1.514452842778358 0.101080319211786 1 1188.7677 306.7751 1
 0.08339874483403945 1.514461941991295 0.1012590662581386 1 1208.7656 270.54413 1
 0.08326033078785366 1.514434165288367 0.1014917026553335 1 1236.4445 253.84625 1
 0.0833368267405929 1.514428020581423 0.1016653722142998 1 1257.2135 263.10864 1
 0.08361599653105717 1.514416628635871 0.1017532260949574 1 1268.8706 296.31903 1
 0.08401785062231519 1.514335675330892 0.1018641488846594 1 1285.5917 343.79904 1
 0.08457117707071476 1.514316934553266 0.1019209722352507 1 1294.3993 410.80478 1
 0.08526822080229993 1.51422454479672 0.1018516635879889 1 1289.5446 495.975 1
 0.08596180469929064 1.514214853090708 0.1019033515595196 1 1296.3413 580.9361 1
 0.08663159964120067 1.51429497568949 0.1020201896332839 1 1307.6412 660.8026 1
 0.08872822560749931 1.514196447116527 0.1023178442227966 1 1338.7468 906.3724999999999 1
 0.0889223482860725 1.514188921772904 0.1024743081781481 1 1355.991 927.37415 1
 0.08891608010535763 1.514168205099863 0.1026633113617733 1 1377.603 925.92993 1
 0.08870018581330961 1.514183412981269 0.102832681499128 1 1397.3325 900.2872 1
 0.08835061350810659 1.51417281171709 0.1029015973261487 1 1406.8771 860.7791999999999 1
 0.08785791401917292 1.514197449070945 0.1029489677272045 1 1413.5007 803.49713 1
 0.0872403044246782 1.514176297591335 0.1029748139303479 1 1419.2753 731.76917 1
 0.08652270250272262 1.514206727975109 0.1030094118909162 1 1423.8629 646.00635 1
 0.08507444186504842 1.514338611068448 0.1029817998225241 1 1416.7356 471.49274 1
 0.08442359303094145 1.514358501608814 0.1030383445479096 1 1421.0117 393.6834 1
 0.08390134291028982 1.514384504666492 0.1030841466505283 1 1423.7386 332.05917 1
 0.08351424574426466 1.514398953310331 0.103179113626547 1 1432.2812 286.92853 1
 0.08326495205745234 1.51439207789638 0.1033685399654682 1 1452.332 258.33487 1
 0.0832236689020667 1.514339328018291 0.1036031926045481 1 1479.8248 253.68037 1
 0.0837499491333592 1.514334578945341 0.1038970011375351 1 1513.9752 316.02078 1
 0.0842044291745148 1.514314295637568 0.1040160175213749 1 1529.028 369.44977 1
 0.08475017297250181 1.514308476520842 0.1041394662691019 1 1543.619 433.62234 1
 0.08540493110345314 1.514209879343484 0.1041790612897393 1 1552.4543 510.88385 1
 0.0861042645199286 1.514180386684351 0.1042531936805277 1 1561.0651 593.65106 1
 0.08682512939597557 1.514202148223025 0.1043240651400556 1 1565.6722 677.32574 1
 0.08749827358201051 1.514196055026072 0.1043842431593362 1 1569.2389 754.5649 1
 0.08806455587507035 1.514169032580296 0.1044980216610722 1 1578.8356 818.3654 1
 0.0885239828402667 1.51414590583582 0.1046407616333076 1 1591.0942 868.7877999999999 1
 0.08885222990652555 1.514127611583834 0.1048159435832821 1 1606.8644 903.5648 1
 0.08895109608341889 1.514116924817731 0.1050766486822244 1 1632.3141 912.24915 1
 0.0887621463640761 1.514098157496046 0.1053041448660208 1 1656.8904 890.30066 1
 0.08837880097811178 1.514126421642712 0.1054164511602472 1 1669.6388 847.184 1
 0.08782729482125042 1.514149082788044 0.1054939147444898 1 1680.1154 785.75653 1
 0.08718500239281826 1.514177807465428 0.1055353360593198 1 1686.64 713.47516 1
 0.08652070824192151 1.514209032603268 0.1055480304531221 1 1689.265 638.0966 1
 0.08590082944649841 1.514238546793629 0.1055234183210898 1 1687.049 567.34735 1
 0.08533670320114868 1.514265283536024 0.1055139866376425 1 1685.347 502.78415 1
 0.08485518498778498 1.514285932708565 0.1055432570744765 1 1687.002 447.74625 1
 0.08448065396874355 1.514226651031843 0.1056000875011564 1 1694.8878 405.04382 1
 0.0841809137589726 1.514171686053256 0.1056750518316384 1 1704.189 370.76755 1
 0.0838679135821932 1.514197395019381 0.1058749997133199 1 1721.0731 336.2025 1
 0.0836183946326457 1.514233030084754 0.1061160726910141 1 1740.914 309.66382 1
 0.08358837996861025 1.514294362511832 0.1063703688662701 1 1761.0154 308.20865 1
 0.08396746528381069 1.514242169708062 0.1064157589178704 1 1769.3735 349.97888 1
 0.08451694439531918 1.514196969654128 0.1064722278907654 1 1778.2742 411.48828 1
 0.08513202835674497 1.514148881281275 0.1066154141212614 1 1794.3702 480.6396 1
 0.08586763814795362 1.514015834108537 0.1066989805335515 1 1808.1945 563.7354 1
 0.08660917897918465 1.513969836958855 0.1068370719130206 1 1820.4427 646.7435 1
 0.08724964064307124 1.514029327540767 0.1070878218035785 1 1835.5079 715.1164 1
 0.08782905017506529 1.514082374524624 0.107274846792497 1 1844.392 775.27563 1
 0.08833569454668654 1.51403808625142 0.1073736666568165 1 1850.634 828.8444 1
 0.0886499775613432 1.514060258214881 0.107531091374646 1 1859.4528 859.52527 1
 0.08876561392916989 1.51405292072658 0.1076637112816639 1 1869.4854 870.32697 1
 0.08851105093970353 1.509054112169774 0.1006506441154894 1 1266.8374 1145.2552 1
 0.08853784999942364 1.509086932517345 0.09966519985360089 1 1079.491 1157.3654 1
 0.08853969838099356 1.509102345966104 0.09872669256881832 1 898.69574 1160.6418 1
 0.08853049667161025 1.50911471161391 0.09785754591191055 1 731.58777 1157.2485 1
 0.0885003042905271 1.509110660430794 0.09701219018918608 1 576.4981 1148.1123 1
 0.08846917682785747 1.509108234012007 0.09618052889485969 1 429.9191 1135.1919 1
 0.08844920943157109 1.509105506889502 0.09529730583004432 1 283.75726 1120.583 1
 0.08843309852563577 1.50904534205932 0.09445158912660406 1 150.28835 1108.4896 1
 0.08875906080261524 1.510306619493343 0.09448892429966604 1 248.00812 1083.4 1
 0.08873419897295429 1.510358032858903 0.09557219283374366 1 402.53253 1088.8595 1
 0.08864284968009288 1.510444201245613 0.09664627005762305 1 566.31525 1078.8357 1
 0.0884796807847337 1.510407910784021 0.09771959282988583 1 735.0279 1060.1754 1
 0.08831064348767814 1.510355262734438 0.09877263609749193 1 910.1272 1037.1227 1
 0.08816746111876286 1.510259258178664 0.09986713022675324 1 1097.509 1015.9747 1
 0.0880631330907392 1.510132183880266 0.1009714845816743 1 1288.0693 997.41425 1
 0.08797698415153814 1.510042751343626 0.1021037318667048 1 1476.438 975.5688 1
 0.08789758102238554 1.510112210384879 0.1032495155296972 1 1644.2615 944.3473 1
 0.08773784984603682 1.510127470029313 0.1053184867921289 1 1910.2426 889.5355 1
 0.08793702779767569 1.510690755063137 0.1049453355157898 1 1822.987 902.8488 1
 0.08799684455851942 1.510658269927402 0.1040403965841839 1 1713.1558 924.6836 1
 0.08804471365140323 1.51062215556427 0.103094118016166 1 1588.9918 945.64453 1
 0.0880829905498287 1.510570649915385 0.1021419509252734 1 1454.2277 965.25726 1
 0.0881262590164265 1.51054932021448 0.10121060129376 1 1311.3453 982.7171 1
 0.08816303321639123 1.51057146655474 0.1003015672902037 1 1163.9528 994.9372 1
 0.08818737565778181 1.510625901642565 0.09941938845063844 1 1017.3881 1000.735 1
 0.08818479652493522 1.51067223960149 0.09857985046132012 1 878.48834 1000.1561 1
 0.08816998264217936 1.510709599414215 0.09772977483604307 1 740.04266 996.0936 1
 0.08815824747560883 1.510739141728451 0.0968636490763701 1 603.679 990.8758 1
 0.08813359388546779 1.510728209557488 0.09502372629849866 1 332.88632 977.4244 1
 0.08812939408140687 1.510712963890474 0.09407541463419344 1 205.35625 969.4945 1
 0.0881414893055783 1.510657908945546 0.09314578076850684 1 88.09612 964.4995 1
 0.08795235283258171 1.511718040224897 0.09170362989939038 1 1.6780338 888.6784 1
 0.08802116536685192 1.511641798969047 0.09251758970307181 1 80.12906 905.8413 1
 0.08806978331457382 1.51160451655754 0.09352458999708725 1 190.6309 920.9695 1
 0.08805861501424397 1.511551447478211 0.09453440463643298 1 309.70834 928.14484 1
 0.0880067350944813 1.511525491917742 0.09554878008652494 1 440.74872 927.27856 1
 0.08780326660703067 1.511492865319054 0.09968843336059062 1 1052.0328 900.56384 1
 0.08768513428464186 1.511404551013277 0.1008516476194288 1 1230.9868 880.441 1
 0.08755873462798681 1.511320677504504 0.1019585772463603 1 1397.7407 857.1631 1
 0.08746408573598997 1.511325354674576 0.1030355961932193 1 1547.6333 834.3269 1
 0.0874079333351061 1.511366577067404 0.104058866601533 1 1677.637 815.7588500000001 1
 0.0873904084693726 1.511375472754283 0.1050195100853536 1 1790.6124 804.1925 1
 0.08738854473584326 1.511377468602704 0.1059292033301619 1 1888.226 795.2915 1
 0.08751664012552555 1.512703999710544 0.1068470986574879 1 1888.8435 771.9925500000001 1
 0.08761449568514952 1.512725793571089 0.1061243296081411 1 1818.7955 788.7551 1
 0.08770447140514732 1.512733114296087 0.1053569902390919 1 1740.9891 805.5639 1
 0.08778884798114862 1.512729985207138 0.1045600485949469 1 1655.6024 822.5596 1
 0.08783651633385875 1.512674105878871 0.1037536447791501 1 1566.8237 836.53235 1
 0.08786520323106958 1.512685397235554 0.1029431060908939 1 1469.3606 845.9666999999999 1
 0.08792176738937241 1.512689580237275 0.1020634992999136 1 1358.6711 859.34247 1
 0.08796037698067827 1.512660644719062 0.1011708352638003 1 1242.3882 870.8395 1
 0.08799684076452359 1.512674860098774 0.1002369423956495 1 1116.1185 879.848 1
 0.08802126753983366 1.512700961567674 0.09927490182111222 1 983.4432 885.747 1
 0.08804683683800896 1.51271658925404 0.09827795571672145 1 846.93243 890.4278 1
 0.08807457556673998 1.512751299411678 0.09726603221319628 1 710.8044 893.1038 1
 0.08811499673793094 1.512763858694009 0.09617914435360062 1 569.58057 896.607 1
 0.08815220522129198 1.512767866895513 0.09509512393708204 1 435.09503 898.27423 1
 0.08817877333853878 1.512731331356343 0.09401366471734894 1 307.0104 898.31805 1
 0.088207468038242 1.51281076043525 0.09301394134245271 1 201.85196 893.9719 1
 0.08823375373980683 1.512878745981755 0.0920759426699768 1 111.51001 889.5228 1
 0.08825471212061262 1.512978219812627 0.09122381600296664 1 37.26283 883.8436 1
 0.08813343732257951 1.514081733043099 0.09127815678064005 1 100.117584 842.12665 1
 0.08815815383865161 1.514050491871119 0.0919965604932912 1 163.70895 848.5631 1
 0.08816938826049357 1.514061889992391 0.09281694190318771 1 242.40326 852.8021 1
 0.0881609166464489 1.513964872989291 0.09365748786608488 1 322.81903 857.4533699999999 1
 0.08814916242055058 1.513882511950995 0.0945780703686931 1 417.69177 861.27545 1
 0.08812852346919574 1.513852326173334 0.09550867824459035 1 521.1002 861.8680000000001 1
 0.08810212455469285 1.513869264882423 0.09647739417749317 1 634.98334 859.3278 1
 0.08806995027740644 1.513911049738722 0.09743206219350888 1 751.0694 854.4662499999999 1
 0.08805657751879546 1.513926415398552 0.0983697205659346 1 866.8999 851.6340300000001 1
 0.08796540466315 1.513744318768529 0.1024341328418586 1 1369.2734 830.77734 1
 0.08792866270076934 1.513753813389421 0.1034305277861091 1 1482.9191 820.1661 1
 0.08788602285289222 1.513763450148314 0.1044023024638769 1 1587.791 808.46533 1
 0.08782452427307531 1.513829225982889 0.105374135428959 1 1684.0627 793.3232400000001 1
 0.08775329909018383 1.513859079368887 0.1062654099751779 1 1767.8313 778.5739 1
 0.08768311094162654 1.513901076882693 0.1070528467065977 1 1836.3429 764.6953999999999 1
 0.08760461457918256 1.513923603058587 0.1077454525828829 1 1894.1534 751.1342 1
 0.0865549401905497 1.508376792295371 0.101832189074606 1 1552.2601 802.29004 1
 0.08671655767734274 1.508423502224299 0.10021275569127 1 1213.7899 849.8882 1
 0.08678748855692392 1.508421043765153 0.09929056695708416 1 1010.347 871.3225 1
 0.08680520720265228 1.508393688683635 0.09835238332341653 1 801.22186 879.9516 1
 0.08680827460423014 1.508390879738035 0.09745827800248338 1 605.84106 880.31506 1
 0.08680637718019867 1.50836771956079 0.09651754945448751 1 412.7245 877.26483 1
 0.08680526390540715 1.508365989960613 0.09556594095773696 1 233.66763 871.05597 1
 0.08654902504318335 1.509440614795334 0.09362076982909368 1 22.334753 770.1767 1
 0.08657565757552156 1.509383311856431 0.09460639369069719 1 156.1195 780.7255 1
 0.08656710653060645 1.509261664698408 0.09568549505873281 1 317.47693 787.19543 1
 0.08653306946723927 1.509148728344881 0.09681757688104932 1 511.23123 787.4664299999999 1
 0.08648703581350248 1.509081394327624 0.09799281036376019 1 738.14215 780.99414 1
 0.08643181638533913 1.509022568773704 0.09915541677130615 1 976.2354 768.9248 1
 0.08637640524583975 1.508985086488955 0.1003008522219155 1 1213.4535 753.87134 1
 0.08614403006165355 1.509994442109202 0.1046326040984839 1 1858.2303 655.57996 1
 0.08619264245948463 1.50999172276791 0.1036575625234436 1 1728.8363 668.9922 1
 0.08623921084692826 1.509991419018948 0.1026618321474801 1 1581.736 682.6279 1
 0.08630195362285131 1.50996012157085 0.1016168708459434 1 1414.6754 700.2628999999999 1
 0.08634971121796248 1.509915670047193 0.1006079674228159 1 1239.4009 715.5593 1
 0.08640231427356689 1.509915769092525 0.09961067197172783 1 1056.3666 730.01215 1
 0.08646356097500031 1.509936708292115 0.09861288859752786 1 871.5513999999999 744.34216 1
 0.0865254458292944 1.509990999890489 0.0976463394994125 1 696.26166 755.2491 1
 0.08657223646508727 1.509961242007997 0.09670749952161552 1 530.9645400000001 764.81726 1
 0.08660461487370678 1.509896225902419 0.09578681431067 1 375.13855 771.75836 1
 0.08664198965777145 1.509861192395529 0.09485742657381094 1 230.1546 777.0715300000001 1
 0.08668499963393542 1.50983281636056 0.0939353544511933 1 98.93165999999999 781.74915 1
 0.08647631350795194 1.510746807763363 0.0927576059919783 1 20.68257 721.4674 1
 0.0864644564647911 1.510744559825685 0.09372107999848649 1 135.34888 721.44196 1
 0.08646710412604364 1.510768502800883 0.09479524100422286 1 278.2781 722.61884 1
 0.08649270060189426 1.510836289578083 0.09602802193625636 1 461.0036 725.3090999999999 1
 0.08652237065415332 1.510898381331131 0.09729663416321825 1 661.8539 727.6421 1
 0.08655656731915859 1.510951837255349 0.09858552184593428 1 874.2577 729.52844 1
 0.08658316288553503 1.510912937513884 0.0998741541647019 1 1089.5991 730.91644 1
 0.08659858356695523 1.510919318397719 0.1011981063058637 1 1302.8905 726.9598999999999 1
 0.08656714367861176 1.510899533512701 0.1024623643514205 1 1496.1093 715.5871 1
 0.08651370343799845 1.51085379990391 0.1036221726238553 1 1661.2788 701.5017 1
 0.0864507958721082 1.510775690951291 0.1046933560219882 1 1802.79 687.2228 1
 0.0862155454077036 1.511772010887835 0.1054130094681782 1 1816.5928 633.09265 1
 0.08633622476464239 1.511773161094341 0.1042413241544048 1 1682.696 654.3749 1
 0.08641159602368216 1.51183545066497 0.1031224742814963 1 1538.6783 668.8232 1
 0.08648207459505604 1.511886859878014 0.1020048017521333 1 1385.516 682.75934 1
 0.08651990764387125 1.511883320681042 0.100887112131898 1 1225.5494 693.0586 1
 0.08651146334405166 1.511842111917578 0.09975976505094855 1 1058.0763 696.83624 1
 0.08646805160480846 1.511815838113813 0.09860093908469175 1 881.5816 694.20276 1
 0.08642534001909438 1.511816823104433 0.09739740789439622 1 698.5855 689.883 1
 0.08637994220801974 1.511784385639797 0.09625233835093426 1 532.37836 685.62354 1
 0.08636294962925242 1.511731527496044 0.09520577270004127 1 385.56857 685.2085 1
 0.08636837051597217 1.511728633537692 0.09422734966453855 1 259.28687 686.43805 1
 0.0863636910455101 1.511685827232313 0.09333057008154162 1 149.58795 686.4718 1
 0.08634117936530938 1.511663448581803 0.09245880922898214 1 51.27173 683.419 1
 0.08598740130429662 1.512675626889661 0.09189330335869228 1 55.38337 622.7063000000001 1
 0.08605682893806517 1.512670771983262 0.09277790404034633 1 145.35806 630.23865 1
 0.0861476543016343 1.512593489266326 0.09383136332625865 1 257.5388 641.7619999999999 1
 0.08625007329647449 1.512571101628655 0.09498774767519828 1 395.41315 654.3869999999999 1
 0.0863499696171332 1.512596053660423 0.09621847175586201 1 555.69543 665.9063 1
 0.0864248617301636 1.512552569728286 0.09754100981351031 1 735.45624 674.9741 1
 0.08647608286020517 1.512526069017781 0.09891428714657285 1 930.2166999999999 679.8702 1
 0.08649629361302014 1.512503088946744 0.1002964843368046 1 1127.2458 679.23395 1
 0.08650008696312939 1.51246438551012 0.1016240936438141 1 1312.4515 675.7177 1
 0.08649692955718342 1.512452650285608 0.102901811721631 1 1480.7328 670.23975 1
 0.08649765765706145 1.51244603392993 0.1041268736857976 1 1629.9406 665.55884 1
 0.0864442982873905 1.512435609951458 0.1053193845090967 1 1763.1458 653.7513 1
 0.08634385490156729 1.512405814615717 0.1064014643882825 1 1874.5938 637.338 1
 0.08587272516203924 1.513016876422252 0.1070781457998076 1 1900.3943 571.8098 1
 0.08595601262859089 1.512997726737218 0.1061105230711421 1 1811.4757 583.5466300000001 1
 0.08604419000238987 1.512996491078833 0.1049918189809408 1 1697.6453 596.7714 1
 0.08612899983801565 1.51302427258938 0.103750657390526 1 1558.1233 610.27216 1
 0.08618670128561878 1.513086262262052 0.1024963322743127 1 1404.2358 620.4543 1
 0.08622895241204077 1.51313086218674 0.1012620872178727 1 1245.2217 629.09735 1
 0.08626514788859918 1.513164355968224 0.1000429787807972 1 1082.6713 636.867 1
 0.08629886397186516 1.513200803765231 0.09884984308705204 1 921.51044 643.721 1
 0.08631279445059059 1.513278655123949 0.09767667741904548 1 765.12445 647.03424 1
 0.08630755689067596 1.513312125341966 0.09650433463933969 1 613.6636999999999 648.0063 1
 0.08629747596464864 1.513374517997855 0.09536200687937325 1 474.46698 647.6319999999999 1
 0.08611723933612149 1.513529684724306 0.09102032141823721 1 26.249426 628.7954 1
 0.0859002927256826 1.514562869141266 0.0912644029072594 1 102.96908 593.723 1
 0.08595933027300985 1.514534688096217 0.09200174880097983 1 167.7376 599.0086700000001 1
 0.08601059808738246 1.514484705821699 0.09285573777357593 1 246.4493 603.54016 1
 0.08605213811383162 1.514441926491274 0.09378958897476559 1 338.68585 606.98157 1
 0.08607707458617682 1.514399487165177 0.09480603362527651 1 445.47626 608.4068 1
 0.08609375282436682 1.514345224229937 0.09588027990186053 1 564.8264 608.833 1
 0.0861080368045905 1.514326172266389 0.09701527998366284 1 698.22906 608.4337 1
 0.08612000993041785 1.514359745006761 0.09820555271126626 1 843.495 606.95496 1
 0.0861320294458881 1.514311797403002 0.09944786519783144 1 996.62555 606.2426 1
 0.08614778000503799 1.514253582740881 0.1006912313879453 1 1150.3506 606.15283 1
 0.0861418376657503 1.514124897175709 0.1019277740101651 1 1302.0608 603.8253 1
 0.08607322769368574 1.514090266531591 0.1031888425719411 1 1448.9711 592.86176 1
 0.08597935047316511 1.514117245707589 0.1043828291542868 1 1577.7112 579.2297 1
 0.08585709927957876 1.514122867861031 0.1055012037752451 1 1690.7828 563.2429 1
 0.08575050375723578 1.51409068840067 0.1064694418228477 1 1783.7678 550.2866 1
 0.08564354325861694 1.514096905395112 0.1073100183441061 1 1857.3795 537.79315 1
 0.08441297987885293 1.508453189036351 0.09995615437145158 1 1153.7991 335.4612 1
 0.08446577814098205 1.50851485570081 0.09895998740912161 1 927.6209 350.9173 1
 0.08449401389393593 1.508553491779729 0.09793383068875806 1 698.0693 364.09134 1
 0.08453932524148799 1.508691914181681 0.09691785913790031 1 489.25546 384.66418 1
 0.08455887158684566 1.508733478324898 0.09593654425065706 1 303.31274 399.20056 1
 0.08456728117998281 1.508727136575894 0.09498041621480846 1 136.65672 411.9387 1
 0.08444703618760811 1.509857950232428 0.09390527183563602 1 75.40403000000001 406.79733 1
 0.08456707882257182 1.509846143305072 0.09505348778798692 1 239.19402 415.6624 1
 0.08466821726406153 1.509809303164921 0.09630220513455781 1 439.54892 422.96564 1
 0.08475862458374471 1.509737080383255 0.09760685936521861 1 671.4412 430.13858 1
 0.08487480313254656 1.509770452218954 0.09894559419632866 1 927.7959 446.31357 1
 0.08499642854704431 1.509769154455469 0.1002890369640988 1 1185.0529 466.20056 1
 0.08517747012231058 1.509753225457531 0.1029213449535982 1 1641.8574 498.6263 1
 0.08514561108403243 1.509621333133168 0.1041775280939032 1 1834.4923 494.7875 1
 0.08471714126390766 1.510519131098206 0.1047224449172143 1 1830.759 424.73376 1
 0.08485478714092545 1.510514995167782 0.1035729496650392 1 1681.6415 442.9767 1
 0.0849303915127623 1.510495923819742 0.102428532674599 1 1516.4528 453.46045 1
 0.08498040462232424 1.510490627627553 0.1012530581157445 1 1328.9049 461.74292 1
 0.08500445237177587 1.51047828533276 0.1000661172002047 1 1126.652 467.7259 1
 0.08502805640845387 1.510502708897668 0.09884138353910266 1 910.5573000000001 475.00613 1
 0.08503070396117396 1.510519895074157 0.09759451258417282 1 692.9739 480.26947 1
 0.08499988587175797 1.51049162785341 0.09636010590267163 1 485.6097 481.41144 1
 0.08495965023418234 1.510475273515727 0.09520089234585458 1 305.41812 481.7962 1
 0.0848885042467399 1.510416420952075 0.09410112730472189 1 146.81076 477.97528 1
 0.0847885354667116 1.510376008389057 0.0931353909210438 1 20.454443 469.57983 1
 0.08450601975414852 1.511675868549703 0.09259725603228171 1 53.57141 431.9582 1
 0.08464341730683309 1.511639802666203 0.09375360602205975 1 184.6584 442.21487 1
 0.08470874699861351 1.511348743519404 0.09898266179489801 1 934.88995 422.01276 1
 0.08471270152509572 1.51135924852626 0.1002976848739091 1 1146.0917 419.92905 1
 0.08469828708210289 1.511351162241965 0.1016067611144083 1 1349.1471 416.94516 1
 0.08467236970671023 1.511306771184398 0.1028589446760324 1 1532.9073 414.43127 1
 0.08462423797161517 1.511245860114347 0.1040455959360849 1 1694.1407 410.027 1
 0.08458510677515035 1.511180680694087 0.1050858995771825 1 1824.073 407.97223 1
 0.08453574694265079 1.512468342034403 0.1060666723268951 1 1840.7997 408.42212 1
 0.08467179930654602 1.512513608562422 0.1049963023380256 1 1726.7223 422.47577 1
 0.0847434346100313 1.512527104068636 0.1038821930463837 1 1598.9769 429.64395 1
 0.08480274397981956 1.512482474040423 0.1026995838261598 1 1454.3802 436.01752 1
 0.08483944575627385 1.512429519120866 0.1014843873131284 1 1293.7845 440.91776 1
 0.08488224754753448 1.512432147476259 0.100233149061033 1 1116.9387 448.4825 1
 0.08490701641359114 1.512424262090566 0.0989474469745477 1 930.7066 454.73544 1
 0.08489118426669366 1.512403672273291 0.09767509305337702 1 746.0056 456.5368 1
 0.08484230557225102 1.512385320921415 0.09643119959658478 1 570.3199 454.77243 1
 0.08478764841607016 1.512358501525105 0.09528765295089837 1 416.25272 453.00967 1
 0.08475516536280631 1.512312249916296 0.09422893738071421 1 281.593 454.80194 1
 0.08473076592655825 1.512245236132616 0.09322864657591519 1 161.38326 457.8575 1
 0.08468224710788942 1.512225168169777 0.0923515558943748 1 65.46731 457.4088 1
 0.08391572702274776 1.513369205652814 0.09127370836640156 1 30.132545 373.6629 1
 0.08399073835218276 1.513392961049044 0.09206951817803925 1 106.37283 375.81772 1
 0.0841363269876602 1.513428572361224 0.09309681832320325 1 211.89624 385.3291 1
 0.08428345881698834 1.513379642780822 0.09423035722478842 1 333.15982 395.15802 1
 0.08440176733320968 1.513255765589729 0.09542636256739506 1 469.23114 402.2723 1
 0.08449567161294066 1.513130269770965 0.09678099828347636 1 637.63055 407.09286 1
 0.08454761306156121 1.513074430232231 0.09822830219334168 1 831.5453 408.07388 1
 0.08457163588071839 1.51300696393209 0.09960594455615085 1 1021.41864 407.48203 1
 0.08455820904717112 1.512952845344333 0.1009890346064478 1 1211.186 403.73145 1
 0.08452490017637714 1.512863355733079 0.1022731040027173 1 1383.2384 398.8856 1
 0.08447728072588678 1.512825117771987 0.1035049463023143 1 1538.4136 394.3486 1
 0.08440377739928803 1.51281684743784 0.1047182418155591 1 1678.1685 387.8963 1
 0.08432185590778606 1.512743911053517 0.1058100909025945 1 1797.3522 381.41608 1
 0.08423944255882067 1.51273384644288 0.1067554519520692 1 1889.2814 375.3596 1
 0.08421135614872938 1.514124163759425 0.1076788660705002 1 1886.344 381.46762 1
 0.08431359276535577 1.514178386458034 0.1069068949973204 1 1817.6642 390.0467 1
 0.08441838130609382 1.514211323239993 0.1060047558396355 1 1734.7151 399.0948 1
 0.08451215669771842 1.514241607144635 0.1050120647496763 1 1636.3688 407.39603 1
 0.08459182276135913 1.514284721723685 0.1039395981187237 1 1523.2705 414.69882 1
 0.08465317295802394 1.514256742673839 0.102805978837106 1 1398.8165 420.76346 1
 0.08467667198870273 1.514235309608434 0.1016311624258313 1 1262.1733 423.50967 1
 0.08466601715372676 1.51428317915629 0.1004233746246704 1 1113.794 423.2188 1
 0.08461252305476046 1.514300652674017 0.09919082623532022 1 961.6161499999999 418.77252 1
 0.08454906830338069 1.514332830826333 0.09796582021273936 1 809.6998 414.19214 1
 0.08446598747968061 1.514404235100559 0.09679914599149314 1 668.84485 408.58167 1
 0.08436457187676939 1.514424493797159 0.0957024029640525 1 540.5355 401.2701 1
 0.08424986615741788 1.514428719921838 0.0946624770768514 1 424.2357 393.11935 1
 0.08414388983406457 1.514434678651926 0.09369278147338155 1 321.26666 386.55606 1
 0.08403756398127171 1.514488184448179 0.09280491357317767 1 234.43393 380.76974 1
 0.08392919911689044 1.514518617885978 0.09203921610703508 1 163.21773 374.35666 1
 0.08382544132517926 1.514523350846235 0.0913608324576968 1 102.138535 368.19827 1
 0.08373857495538803 1.514499932593147 0.09078852059870032 1 51.38042 362.7979 1
 0.08439133865971403 1.50948124388561 0.0938373203320553 1 33.737 396.4624 1
 0.08454910920071119 1.509504211491302 0.09377743436244211 1 28.010433 424.58313 1
 0.08480907891002118 1.509497151396116 0.0935609344372323 1 1.4618934 471.48828 1
 0.08739424486862826 1.50862364095254 0.09463150670933794 1 114.403725 960.0923 1
 0.08681747100800097 1.508967581939712 0.09527343674984971 1 231.92863 843.5193 1
 0.08614696064534592 1.50930939684937 0.09553553644162421 1 289.85275 707.2944 1
 0.08520044759240725 1.511740450265875 0.09920880122512654 1 971.5684 499.2061 1
 0.08538722402339925 1.511912994179409 0.1001722315377914 1 1118.0453 524.6865 1
 0.08555342245575012 1.511886606726614 0.1011296549728401 1 1261.3763 547.80304 1
 0.08579996784683491 1.512019193215714 0.1017837153271779 1 1350.6155 581.65106 1
 0.08603318373117377 1.512070905692733 0.1021433942607035 1 1397.9902 613.98395 1
 0.08620336685393748 1.511968354107303 0.1030831762025511 1 1527.3291 637.1286 1
 0.0862203206116661 1.511916396213575 0.1035332487328262 1 1587.5371 639.0575 1
 0.08624593494265299 1.511946083066187 0.1040476909290798 1 1649.5032 639.8799 1
 0.08619513351343634 1.511871405547464 0.1045939168922282 1 1718.8402 632.0363 1
 0.08600902713924614 1.511420630386012 0.1051366456561395 1 1811.1749 610.76117 1
 0.08713855316057238 1.51002322265936 0.1046941519866978 1 1852.9795 811.4317600000001 1
 0.08680543258996866 1.510595903141551 0.1043283071306604 1 1767.7644 747.37695 1
 0.08635210365574086 1.511121658939181 0.10437768944979 1 1740.7968 667.6847 1
 0.08579103786603597 1.511536360316493 0.1046775455678361 1 1751.3735 579.5473 1
 0.08521750268587971 1.511815608033083 0.1052182970262779 1 1795.324 496.9482 1
 0.0847706522371198 1.511996215564677 0.1060398936041166 1 1869.826 438.2208 1
 0.0856494368572143 1.511979186125745 0.1065085201348938 1 1915.6764 553.38666 1
 0.08514747864611043 1.512280285593199 0.1062234394018973 1 1869.2258 487.22574 1
 0.08458820324135816 1.512682359701389 0.106376055594071 1 1857.6063 416.653 1
 0.08409868560617882 1.513126960463897 0.1069861712418984 1 1885.4204 361.5184 1
 0.08709099692731405 1.512025816706617 0.1065100814617211 1 1904.9911 737.13043 1
 0.08758839128773106 1.511589935287411 0.1058763903759723 1 1866.3595 816.75116 1
 0.08692592048124481 1.509277726867815 0.1040460583036655 1 1833.0715 809.8011 1
 0.08702548125358502 1.509503118943667 0.1028725308128807 1 1641.5437 832.31885 1
 0.08763056126048994 1.509027097734522 0.1020378499848512 1 1529.326 973.64105 1
 0.08677256293411455 1.509320389262002 0.1040829718509509 1 1836.5817 781.6051 1
 0.08647778319326437 1.509812877928253 0.1034310127630583 1 1707.4851 723.0001999999999 1
 0.08608719635407282 1.510101658412789 0.103217647459591 1 1658.1708 651.21356 1
 0.08568461306216085 1.509950359570922 0.1036055321323281 1 1727.7596 584.1752300000001 1
 0.08526582686493385 1.509676727165728 0.1044838482400433 1 1870.0189 515.1666 1
 0.08507898795036271 1.509306801590901 0.1032666279597388 1 1730.2649 482.8682 1
 0.08501886769461386 1.509929201097144 0.102910788097137 1 1627.3154 469.71536 1
 0.08485218543485958 1.510677227000017 0.102860123766972 1 1569.8033 441.21463 1
 0.08465484590649576 1.511569477679825 0.1032653242969192 1 1573.3153 413.42654 1
 0.08448546116528105 1.512073546384223 0.1040298252357833 1 1641.2252 393.2853 1
 0.08434526466556634 1.512234898490552 0.105011104732457 1 1744.7029 378.56296 1
 0.08412342105292159 1.51226179320566 0.1060084370183126 1 1847.407 354.55673 1
 0.08377795524427373 1.512536329054234 0.1065540755867539 1 1881.8203 316.46896 1
 0.08363461299657281 1.513954384778592 0.1041836280757114 1 1561.0826 299.5082 1
 0.08399980611496838 1.513944639445968 0.1033064396760212 1 1465.8936 340.5783 1
 0.08451802879562026 1.513698789366302 0.1028055320947137 1 1418.4733 402.2298 1
 0.08509643201568311 1.513412032365384 0.1027934067210233 1 1428.9177 475.5743 1
 0.08564432584059849 1.51308896759827 0.1032200463893432 1 1493.677 547.9395 1
 0.08592761623727745 1.512853130384224 0.1039714709334593 1 1592.873 585.7818 1
 0.08583189681089573 1.512608701617428 0.1046461588509602 1 1682.4839 574.3185999999999 1
 0.08552064706950226 1.512663416447553 0.1047635249339109 1 1692.9528 533.1044000000001 1
 0.08529648211916439 1.51296425579505 0.1040019516093237 1 1591.3492 502.61127 1
 0.08524406063266056 1.513225219708143 0.1029289651920453 1 1452.826 495.07114 1
 0.0854354341164613 1.513261013102508 0.1019170484165046 1 1325.8881 520.9095 1
 0.0858586540420383 1.51305976349506 0.101203024904991 1 1239.093 580.4127 1
 0.08652104383067614 1.512756978244569 0.1011311663096331 1 1237.3167 675.2863 1
 0.08719825733368984 1.512393653668651 0.1016080443631503 1 1311.2681 774.4412 1
 0.08763921243172955 1.512099564968844 0.1024134231546104 1 1428.0588 838.673 1
 0.0877524882235102 1.511748972301475 0.1033527353405583 1 1564.8873 857.93066 1
 0.08753800750826257 1.51154581334032 0.1043205682009851 1 1697.3594 826.1081 1
 0.08705371135221948 1.511647329543541 0.1049791260902745 1 1771.6001 751.8261 1
 0.08654664961036741 1.51188526961491 0.1049535814939317 1 1757.2842 678.301 1
 0.08635011671524591 1.512143635500056 0.1042453845210195 1 1661.7013 650.4443 1
 0.08650467295584936 1.512253190515848 0.1031256313375296 1 1518.5515 674.3115 1
 0.08685967697384307 1.512132847111476 0.1021976339781381 1 1401.196 730.7412 1
 0.08736268513218995 1.511741940771088 0.101870903908521 1 1369.4979 815.16547 1
 0.08788049032627121 1.51122302488258 0.1020982288562917 1 1419.9344 906.9726000000001 1
 0.08822783382820779 1.510596213112331 0.1026886851116042 1 1531.4563 979.27814 1
 0.08583865046791277 1.510577606517609 0.1048893779818481 1 1844.7736 597.3703 1
 0.08569822437667766 1.511290958004572 0.1039092709252545 1 1674.2167 569.98676 1
 0.08578484411017419 1.511672424404977 0.1026233665320149 1 1482.0983 581.27356 1
 0.08606640265083859 1.511545542343491 0.1013137662031578 1 1299.2014 629.3474 1
 0.08650145414454445 1.510919871832956 0.1003128578678369 1 1160.1385 715.22516 1
 0.08691805925821564 1.510242433629378 0.09987071816030725 1 1098.1925 809.03534 1
 0.08724821870272159 1.509687167540462 0.1001053518792182 1 1152.4976 889.6643 1
 0.08740729220416812 1.509277293862121 0.1008043776361769 1 1295.441 934.21045 1
 0.08734920597968306 1.508975342759567 0.1017673962091885 1 1489.049 929.10565 1
 0.08709786308632601 1.508802938753698 0.1029190119782339 1 1702.7214 874.8049999999999 1
 0.08529088824696869 1.509035061107878 0.1017975371569484 1 1503.9363 524.9443 1
 0.08543654131563838 1.509491202182599 0.1005485709556257 1 1244.929 552.1396999999999 1
 0.0854191183958191 1.510080696110203 0.09929545560474014 1 994.6903 546.5269 1
 0.08549714107337179 1.512323176497708 0.1003983353378154 1 1143.4827 537.7049 1
 0.08545263522662393 1.512342593642527 0.1019519165287405 1 1361.587 528.3283 1
 0.08508803858642014 1.512447513952416 0.1032179275521357 1 1522.4674 475.98434 1
 0.084595181594135 1.512814751598488 0.103770020269725 1 1570.7177 410.4297 1
 0.08424718661779401 1.513242242446469 0.1034046996282183 1 1506.9937 366.53052 1
 0.08399963732784609 1.51362896706376 0.1025486014648714 1 1388.7518 336.14536 1
 0.08378825565853813 1.513942667994391 0.1015457803694119 1 1256.2356 311.65695 1
 0.0836392639881853 1.514127930615851 0.1006670246968743 1 1143.5356 294.97055 1
 0.08362076633561778 1.514289034456429 0.09949814172949743 1 997.18384 296.04742 1
 0.08381141535560468 1.514141190054025 0.09843561869579551 1 864.9888999999999 320.4014 1
 0.08426366681947643 1.513943639354854 0.09792991159144011 1 800.51447 376.94177 1
 0.08493828650187508 1.51383355005477 0.09792570929820639 1 800.34204 462.47083 1
 0.08570725049181011 1.513663069980738 0.09834421661809373 1 854.87634 561.314 1
 0.08624219038900835 1.513509627512155 0.09923179640034975 1 971.99146 630.6514 1
 0.08629962073988376 1.513311691955433 0.1001658240663977 1 1097.0599 638.81104 1
 0.08543545032617059 1.513402333497331 0.1014341596120798 1 1260.0743 520.9914 1
 0.08491095025841396 1.513637035576737 0.1010848488666418 1 1208.9053 452.45053 1
 0.08467056432697313 1.513730076389362 0.1002036749350119 1 1093.8314 422.5327 1
 0.08480942867665855 1.513480233516967 0.09925448328769046 1 971.7516000000001 441.759 1
 0.08532521832962936 1.513182153536107 0.09870778418476733 1 899.428 512.62103 1
 0.08613645831731591 1.51304867089014 0.09850964301329608 1 874.45795 624.41565 1
 0.08701805633479806 1.513067718943964 0.09842770588385076 1 865.8579 743.5067 1
 0.08777683053088903 1.512594765084462 0.09828185803848193 1 845.3230600000001 858.7155 1
 0.08812648136349441 1.511675125016837 0.09809880873218395 1 811.6512 942.82697 1
 0.08811195514906055 1.510763561135027 0.0979779353867631 1 780.6712 984.1181 1
 0.08802755182222419 1.509956837842083 0.09823615631277113 1 812.0051999999999 1015.85394 1
 0.08785328797226276 1.509237468685973 0.09880255241400797 1 909.9526 1030.9888 1
 0.08762013458268446 1.508759586778824 0.09959605512111323 1 1072.3124 1016.9865 1
 0.08736894036381128 1.508624315252997 0.1005120740079184 1 1265.731 969.2693 1
 0.08710980576347355 1.508653745961097 0.1014171013930521 1 1446.4326 905.60583 1
 0.08821254004144212 1.508886742585684 0.09758642281997934 1 670.4136 1118.7992 1
 0.08790794024274759 1.509476271086101 0.09723525441465436 1 620.364 1023.4584 1
 0.08777845086119632 1.510183744139051 0.09750586721364755 1 687.389 961.76654 1
 0.08789099344918289 1.510689978372683 0.09842645380312745 1 851.8674 953.90027 1
 0.08820854188147266 1.51088066980356 0.09991680963165306 1 1096.0144 988.0715300000001 1
 0.08832679783489857 1.510891754222424 0.1015602605573678 1 1351.257 991.93506 1
 0.08802078152789644 1.51095212683513 0.1028519333611536 1 1537.4309 930.8004 1
 0.08755196670329357 1.511203998371004 0.1037755918204686 1 1650.5286 843.9643 1
 0.08725136544894627 1.511926983308597 0.1040900602875664 1 1649.821 778.30206 1
 0.08726143213449102 1.51299176085325 0.1039047402958603 1 1572.9924 754.85675 1
 0.08756191291059655 1.513542867946792 0.1034627602790369 1 1496.935 781.60254 1
 0.08845656123349342 1.514233676324103 0.09959244658993058 1 1017.9136 886.3803 1
 0.08822649240612482 1.514218077295141 0.09861018020593451 1 898.0569 862.3625 1
 0.08772977582702739 1.514229913806705 0.09811040601960819 1 835.94684 804.1914 1
 0.08715644747812779 1.514271256185736 0.0983452964160295 1 863.2012999999999 734.0131 1
 0.08662058637960261 1.514342278008664 0.09915782770105093 1 961.53723 666.239 1
 0.08623489485585724 1.514353041395203 0.1002893472974845 1 1099.5856 616.491 1
 0.0860807932100104 1.514238707647199 0.1013516200199332 1 1230.2017 596.4948000000001 1
 0.08623180711575994 1.514052222102527 0.1022159938540415 1 1338.1136 614.99243 1
 0.08663650995518908 1.513936803697185 0.1027042089550129 1 1398.3807 664.7903 1
 0.08717822612018826 1.513819762395377 0.102704584860028 1 1401.0289 732.75244 1
 0.08768398271518475 1.513705873354052 0.1023869640591309 1 1365.986 798.2672 1
 0.08793456180523694 1.513615732055549 0.1015983851063148 1 1272.826 835.29175 1
 0.08777074352663769 1.513595209636768 0.1007514405576689 1 1168.5685 819.7756000000001 1
 0.08721610983802115 1.513580849168983 0.09999287907055511 1 1072.1779 753.29004 1
 0.08656932591945271 1.513522717543409 0.09981663949093861 1 1049.1141 671.7968 1
 0.08609989077691038 1.513426180904569 0.100609816168688 1 1153.6293 609.93225 1
 0.08563780471125307 1.513252794218973 0.101913606297372 1 1325.8774 547.7983400000001 1
 0.08506685702710742 1.513248111277482 0.1031830216045583 1 1483.3129 471.86478 1
 0.08448316784024985 1.513327220359444 0.1038353818373399 1 1553.6486 398.01584 1
 0.08406076382936581 1.513457840528564 0.1037181884322498 1 1533.2393 345.30365 1
 0.08390973057452172 1.513711252580457 0.102945926449792 1 1433.0197 326.504 1
 0.08395518646325613 1.513928684140527 0.1018332158724099 1 1292.8344 332.30853 1
 0.08409649035756012 1.514004661248774 0.1006182350734302 1 1141.2502 350.53204 1
 0.08422764111314977 1.513980358735965 0.09936503915996793 1 983.2166 368.66922 1
 0.08426714949406124 1.513843491599451 0.09818839143221919 1 832.3493 375.89124 1
 0.08442357113713095 1.513305105272971 0.09754359081143019 1 742.12726 395.29593 1
 0.08467097621253115 1.512501958863779 0.09739430618213209 1 707.2197 426.6075 1
 0.084950682725573 1.512002656524069 0.0977839629597746 1 755.2465999999999 465.05734 1
 0.08521032000879684 1.511659978327886 0.09871721913487604 1 894.6048 502.55222 1
 0.08532082115393938 1.511457884253454 0.09987531084609212 1 1078.4961 517.71326 1
 0.08520271020225481 1.511425309078982 0.1010388607757799 1 1261.0167 496.75412 1
 0.08490463284667037 1.511398315534815 0.1021129735232592 1 1422.8323 449.46222 1
 0.08462869682444649 1.510816207733165 0.1030924805955494 1 1594.5522 406.13464 1
 0.08453949120144184 1.509938669025759 0.1034031693499243 1 1699.0221 388.1289 1
 0.08471725689126229 1.509426756986206 0.1028901179300907 1 1660.897 415.1996 1
 0.08495371166951883 1.509169540653657 0.1019096712290075 1 1514.6675 457.32175 1
 0.08523999538337747 1.509467063539957 0.09955118793711512 1 1049.5139 516.3284 1
 0.08520334913820017 1.509876229132032 0.09827261020877208 1 801.576 511.41974 1
 0.08502911882316103 1.510179104604361 0.09705183200423267 1 588.07465 483.4381 1
 0.08481962340309354 1.510052067430398 0.09605947608183299 1 413.18552 452.2508 1
 0.0847451202075966 1.509643025556007 0.0955860127345598 1 309.90558 442.37872 1
 0.08482584581779996 1.509123965365479 0.09569506118875229 1 291.3664 456.47852 1
 0.08490010508586168 1.508787071510566 0.09617713336121642 1 351.50452 468.58502 1
 0.0849222574205529 1.508523163173198 0.09681910963164249 1 460.2941 467.67767 1
 0.0849731479231573 1.508418108996287 0.0976607176253397 1 634.36206 472.89816 1
 0.08503609080487665 1.508346111960888 0.09870277205330803 1 870.1554 481.39764 1
 0.08499595804986144 1.508173304782301 0.09982454255936249 1 1135.132 467.98352 1
 0.08574963413619091 1.508777214459572 0.1016583573304572 1 1494.6166 622.7752 1
 0.0862947162242125 1.508853760773714 0.1006940096883497 1 1298.1459 738.7011 1
 0.08677457950303868 1.508866083995748 0.09974201252684466 1 1100.7281 842.6815 1
 0.08721576763301332 1.508779932908699 0.09877175325271774 1 899.08264 940.41437 1
 0.087614637939538 1.508674931875358 0.09787313448240202 1 712.70685 1025.8844 1
 0.08781960048860819 1.508766257015608 0.09702550974636615 1 551.5793 1053.7478 1
 0.08754886672289114 1.509149184216212 0.09610466965036218 1 399.3546 973.42834 1
 0.0869535491188824 1.50949339262289 0.09546346683450556 1 303.21753 846.83563 1
 0.08631983541072925 1.509665062565386 0.09525413491129213 1 272.2072 728.268 1
 0.0857618388965017 1.509927981191456 0.09534740516341939 1 298.22647 623.8705 1
 0.08541688890184337 1.510322407538066 0.09587156364036567 1 401.4827 556.5997 1
 0.0852765129042629 1.510544040416718 0.09688970251263894 1 575.895 525.9546 1
 0.08533231900889141 1.510538235785688 0.09810136849080699 1 780.6750500000001 530.9381 1
 0.08562775507877433 1.510357853419417 0.09889423061142313 1 921.1873000000001 582.59766 1
 0.08614769281474302 1.51016174385789 0.09922430735950639 1 982.56903 678.4644 1
 0.08666314804948673 1.51011290871468 0.09898860276614337 1 941.41156 772.78125 1
 0.08701072164356315 1.510259819393275 0.09829619549639569 1 820.32355 829.39075 1
 0.08709617413221038 1.510540615333283 0.09745869400565649 1 683.02014 833.194 1
 0.08683425521272223 1.51088842370126 0.09676474419048141 1 579.9287 778.31476 1
 0.0863956319950132 1.511300686665812 0.09648499108393307 1 548.50165 698.3699 1
 0.08617235839301984 1.511778833695161 0.09695515409502027 1 632.29926 653.6374499999999 1
 0.08612410776810045 1.512196860400573 0.09808483887051529 1 806.537 636.8799 1
 0.08588449250904003 1.512494090597387 0.09937752698343302 1 995.0305 594.7547 1
 0.08539059957161391 1.512710091237786 0.1001355431383744 1 1099.7214 520.7378 1
 0.08491905298298447 1.512985156094296 0.1001071260073399 1 1091.0883 454.63467 1
 0.08456645406365014 1.513465362769324 0.09943794037084674 1 995.71326 409.59653 1
 0.08442438755771793 1.513623027635331 0.09853887553637437 1 876.69025 393.8721 1
 0.08457162774442305 1.513696807409923 0.09738954075183541 1 728.9908 417.1521 1
 0.0848882603716853 1.513478792840094 0.09635723024613685 1 593.58124 461.80243 1
 0.0850688452354233 1.513263379353884 0.09528037390460151 1 453.87027 490.0758 1
 0.08495345621640744 1.513132931188568 0.09436217699787382 1 339.08557 479.6157 1
 0.08459413131415769 1.513287186259667 0.09383332787139342 1 285.59686 436.80685 1
 0.08416906669821252 1.513581775895274 0.0938579245385158 1 301.43176 384.70615 1
 0.08380994118215736 1.513866167741039 0.09427641939446278 1 359.5999 339.80338 1
 0.08352207735594497 1.514184138856493 0.09490917983831103 1 441.7206 303.7978 1
 0.08340043417689123 1.514316252955114 0.09578274018440935 1 546.0841 284.84772 1
 0.08336905389229862 1.514337640851959 0.09673531456998659 1 656.73 275.7789 1
 0.08342395129962574 1.514267062011448 0.09770350434072625 1 774.6174999999999 276.82364 1
 0.08359127579984101 1.514121721724129 0.09861569539377291 1 887.0586 292.1925 1
 0.0838783742377834 1.514097602763989 0.09913745585691601 1 953.4535 326.28677 1
 0.08440385157321584 1.513836196578978 0.09894714091129039 1 930.40173 390.9777 1
 0.085017626874241 1.51355119244475 0.09830645283418162 1 847.17175 471.7758 1
 0.08555690016164937 1.513178065224496 0.09732642294297759 1 714.1291 547.9449499999999 1
 0.08585513437688039 1.512985656878384 0.09608596376612971 1 548.2576 593.1993 1
 0.08578546212909043 1.51292065067234 0.09473310576195083 1 377.01407 588.0844 1
 0.08543954890098493 1.512871292421883 0.09361186877112584 1 242.93542 546.85345 1
 0.08500838653573052 1.512863438718232 0.09309077666488609 1 183.65541 493.82233 1
 0.0847195032793764 1.513089943115659 0.09330793996712976 1 218.13817 455.47748 1
 0.08481710694928495 1.513265634730736 0.09426443141766735 1 333.27322 462.39203 1
 0.08506459497245589 1.513176541515769 0.09562197618035605 1 492.45486 488.1185 1
 0.08529788288353525 1.512834808038275 0.09696925985816572 1 656.84644 515.47565 1
 0.08661146337934501 1.511521146508494 0.09521258823186803 1 378.4952 726.258 1
 0.08662363427324676 1.511525714951216 0.09408508186549724 1 232.69308 727.05273 1
 0.08664295425846097 1.511207410271652 0.09327876472144486 1 115.76409 735.8174 1
 0.08675495583851833 1.510611606465263 0.09302025177134798 1 45.000465 766.44293 1
 0.08693039686853962 1.510113850487186 0.09333214598967554 1 47.542904 808.9665 1
 0.08707719790075294 1.509879602427106 0.09404479742685547 1 124.11635 844.3116 1
 0.08710364042880872 1.509796000745812 0.0949585902464144 1 248.11957 857.4774 1
 0.08707783417044625 1.509779359486768 0.09609346889158914 1 425.25195 859.08826 1
 0.0870675485205272 1.509772304921547 0.09747611517155549 1 663.8161 860.8198 1
 0.08708028016817271 1.509641187959079 0.09868138706422684 1 885.0458 868.12054 1
 0.0871829246906808 1.509259666329076 0.09938248613647672 1 1021.7717 903.83453 1
 0.08738985839222921 1.508836855983904 0.0995943509961341 1 1070.2404 967.22565 1
 0.08770528482690201 1.508541210956922 0.09928702886461585 1 1009.72095 1051.181 1
 0.08805867707870486 1.508325164015094 0.09866120249118591 1 877.78174 1138.709 1
 0.08836640785645378 1.508277872934278 0.09785852742200021 1 707.8918 1197.3823 1
 0.08813847920904175 1.508606751557424 0.09418383072127438 1 67.27874 1083.4982 1
 0.08589494384649543 1.508702726134983 0.09457560848159499 1 81.713905 675.45966 1
 0.08589797018169215 1.508667840981596 0.09578476598699345 1 281.31738 676.5775 1
 0.08585134624400603 1.50841240332879 0.09842450052416281 1 811.1014 668.60077 1
 0.08545669163817743 1.508275308437839 0.09887702739607993 1 911.0961 579.28925 1
 0.08500980683987673 1.508150253069378 0.09856906161470819 1 835.13116 476.48102 1
 0.08464170911730237 1.508085494988136 0.09792411310890162 1 678.95264 392.6312 1
 0.08439998471981344 1.508200245976516 0.0970065823427449 1 476.51068 347.03476 1
 0.08429961599428996 1.508393730577799 0.09593237220638708 1 274.56128 341.37128 1
 0.08427791593406284 1.508550676539546 0.09482114793429931 1 93.29404 355.21054 1
 0.08650114738680767 1.510014663320807 0.09382335177338337 1 95.66961000000001 746.1997 1
 0.08676238093802269 1.509722365418984 0.09516701611708794 1 268.90036 803.47345 1
 0.08700861559859044 1.509452457535808 0.09615358500537359 1 415.98102 861.36224 1
 0.08726085900478676 1.509050868718864 0.09651672491812571 1 461.12268 929.39655 1
 0.08750629417277224 1.508720226109344 0.09621607482895374 1 392.09094 992.4389 1
 0.08785749132231201 1.508429031179226 0.09464752446634109 1 113.45134 1054.6514 1
 0.08638846269796015 1.508142712462119 0.09473436228537782 1 61.639294 791.54193 1
 0.08593663840724236 1.508219525336481 0.09492758532497353 1 92.50015 697.0647 1
 0.08541435139533939 1.508346667158186 0.0946039718637743 1 44.903965 587.68494 1
 0.08710486861347254 1.510378119233381 0.09339898997437616 1 78.81537 827.28687 1
 0.08676917790432043 1.51040776599965 0.09402360382826717 1 154.90028 777.87494 1
 0.08620696336225762 1.510585921666529 0.09429244385205343 1 195.32994 685.8649 1
 0.08545211000635612 1.510989079356048 0.09409570226569733 1 189.5704 562.8694 1
 0.08476070501425674 1.511411528218052 0.09369954146934166 1 164.25854 459.6273 1
 0.0841900757043456 1.51177383851824 0.09308376426361224 1 114.51584 384.4927 1
 0.08412501661184947 1.5117660847096 0.09263941873567164 1 64.70085 379.84573 1
 0.08465375497893979 1.511591887590437 0.0924211555657071 1 30.1641 453.68924 1
 0.0854876663261205 1.511462124112676 0.09227788300511952 1 10.501342 569.7618 1
 0.08601411491034863 1.512028594194367 0.09211949450014983 1 36.89397 634.3944 1
 0.08642065105692047 1.511738974046886 0.09326961121013654 1 146.56006 693.33057 1
 0.08676839362405615 1.511434342379901 0.09437892447016651 1 266.04214 750.3316 1
 0.0870649710764546 1.511043636552405 0.09509212872353907 1 342.75473 806.7611000000001 1
 0.08729450387306807 1.510698305305782 0.09507905987435084 1 324.39178 853.6579 1
 0.08746785706802804 1.510363498465671 0.09453586100438717 1 231.8277 890.151 1
 0.08757482742469781 1.510069185922612 0.09374441702261012 1 108.3899 912.4444 1
 0.08772913946679317 1.509976754055424 0.09295689368047716 1 6.863704 931.7565 1
 0.0837095236169525 1.51352862651246 0.09117167281770192 1 30.358164 351.64954 1
 0.08427619686168131 1.513646572430204 0.09221048327969353 1 134.82893 409.47162 1
 0.08465568807190813 1.513783846384412 0.09343462380046089 1 266.45078 446.9198 1
 0.08434771745743873 1.514024699477868 0.09833872049774905 1 853.0889 386.8264 1
 0.08386696800863684 1.514070550946347 0.09807900864712475 1 819.85504 327.7744 1
 0.08352570078318608 1.514198941802208 0.09739239325492265 1 735.5853 289.9649 1
 0.0833899796137392 1.514201029093106 0.09638388180057259 1 612.8335 278.59073 1
 0.08339568605419273 1.51417113031642 0.09524606289521835 1 479.06097 286.1334 1
 0.08343228392059052 1.514100510945199 0.09403052040965217 1 342.565 299.05988 1
 0.08358678951025858 1.514062514371732 0.09298231272933022 1 232.04434 325.40414 1
 0.08399879710930895 1.514052452675351 0.09219759976741318 1 154.90013 378.92087 1
 0.08461420923670494 1.514039460334798 0.09162762803543137 1 102.14053 452.65005 1
 0.0853141097305533 1.513954924773874 0.09119316327684661 1 60.420486 534.16534 1
 0.08599781799788647 1.513754290397414 0.09088789336856143 1 26.70155 613.24457 1
 0.08666211445964565 1.51364800389453 0.09094649570015918 1 31.454912 688.8019399999999 1
 0.08713731870337171 1.513555831915084 0.09148691309215909 1 79.33866 744.799 1
 0.08734915760772861 1.513515111789249 0.09239779441319045 1 165.65694 771.84076 1
 0.0873532704219061 1.513608944744345 0.09353268918926552 1 285.74777 772.6002999999999 1
 0.08692903603246326 1.513855383690001 0.09412349377815753 1 356.0368 717.8982 1
 0.08608555695405269 1.514093058632812 0.094072535393576 1 354.4378 614.0617999999999 1
 0.08524557482984446 1.514198457419868 0.094123633878542 1 360.10196 513.4001 1
 0.08468604071778336 1.514197891414214 0.09466208035142747 1 416.7658 444.32132 1
 0.08452809380639946 1.514298669956531 0.09582671336585546 1 551.65045 419.96027 1
 0.08464694313635862 1.514297932543972 0.09712650424817776 1 706.78937 429.0899 1
 0.08504404499970074 1.514112276657533 0.0979487242839725 1 806.5068 475.53763 1
 0.0856707170179606 1.51388970842872 0.09809509625931863 1 824.4045 555.47986 1
 0.086344042613429 1.513698421709444 0.09768009925084419 1 771.3487 644.66473 1
 0.08682784990354804 1.513561703196423 0.09672456505609062 1 650.1994999999999 710.18036 1
 0.08700956762621151 1.513470704883569 0.09535907358349638 1 482.22195 735.7314 1
 0.08698560339376013 1.513475560303555 0.09393892907086684 1 319.88077 732.0337500000001 1
 0.08681675998400629 1.513508669316835 0.09261372998940637 1 181.23892 710.1525 1
 0.08654842653265829 1.513413448373613 0.09145858364593593 1 62.613335 679.8112 1
 0.08723120906874873 1.51102818431796 0.09273255029924446 1 49.563313 821.4262 1
 0.0872675194557986 1.510857766796736 0.0941013863835624 1 202.75505 839.22864 1
 0.08728973796866318 1.510793645090222 0.09576258791750475 1 428.96964 851.6545 1
 0.08721514166699265 1.510733283780749 0.09760028670277276 1 712.2071 844.97614 1
 0.08694692209548369 1.510697785860688 0.09923997719809206 1 985.0116 799.7944 1
 0.08657575583066518 1.510802856212756 0.1005651667751001 1 1204.5259 729.6416 1
 0.08625893351218956 1.511240833937729 0.1013750663774027 1 1318.5869 664.5708 1
 0.08612782732960043 1.511865206396037 0.101485669523236 1 1313.0084 633.0042 1
 0.08617788574592608 1.512429839568733 0.1010323807181454 1 1232.0272 632.86914 1
 0.08634447971542468 1.512728562810182 0.1002022072088825 1 1110.1941 654.06274 1
 0.08652853344626607 1.512900513147055 0.09913205442622146 1 960.4297 679.1125500000001 1
 0.08665833680395592 1.512971645354136 0.09808346631234265 1 817.03284 697.753 1
 0.08675028479771328 1.512951624338414 0.09708137801600326 1 682.2597 712.0673 1
 0.08686231475642381 1.512917629293001 0.09606512863759757 1 549.4874 728.44305 1
 0.08699066048805425 1.512815574814478 0.09516162179642898 1 433.5993 747.6401 1
 0.08711988185792612 1.5127008140227 0.09450463623768009 1 350.62558 766.5762 1
 0.08723912168712968 1.512563408896 0.09420386247678271 1 310.02652 784.8837 1
 0.08739604605751207 1.512560684783642 0.0943851811054703 1 332.87326 805.69275 1
 0.08750680297194378 1.512465925566494 0.09493268088612007 1 395.91144 824.2675 1
 0.08766978740384306 1.512293924887108 0.0992562740279183 1 981.80414 852.43463 1
 0.08758444994931545 1.512211367865795 0.1001821917170867 1 1115.4326 839.9516599999999 1
 0.08746945302953468 1.512241838651599 0.1009962904391693 1 1230.5248 819.0551 1
 0.08734365326202358 1.512275089577932 0.1016830546262042 1 1324.677 797.4133 1


