# Created by Octave 4.0.0, Thu May 23 15:02:44 2024 PDT <caveman@RiffellCave1>
# name: corresp
# type: matrix
# rows: 482
# columns: 7
 0.08632543261692473 1.508140817496777 0.1006447306063036 1 549.6374 1185.5311 1
 0.08703679186180832 1.508182470646122 0.1005491735282711 1 342.89877 1115.6699 1
 0.08808203969702447 1.508065908109814 0.1001904452258833 1 35.608994 968.37994 1
 0.08764488668662414 1.50810876093151 0.1001354942650782 1 155.22493 967.0286 1
 0.08709276875730414 1.508137906567776 0.1000759112116136 1 312.37772 969.568 1
 0.08644762942332357 1.508113034964977 0.09996446647217752 1 501.54208 963.0408 1
 0.08575651580013087 1.508126067779482 0.09986767915293494 1 728.2772 957.12305 1
 0.08512505461198176 1.508193908561027 0.09977170305979055 1 955.77014 941.413 1
 0.08453950417292788 1.508275405032522 0.09967327028419821 1 1175.511 919.39215 1
 0.08401687071847259 1.508232861266142 0.0995157183075899 1 1370.034 884.2975 1
 0.08356678984979161 1.508153793453955 0.09935179252587929 1 1543.8046 844.92084 1
 0.08328533982198325 1.508099956637631 0.09918688575413598 1 1656.9906 794.4287 1
 0.08326480241447877 1.508138692951246 0.09902107551662334 1 1670.4152 727.2866 1
 0.08362392619903518 1.508277507771816 0.09881650765487816 1 1538.2638 627.60767 1
 0.08405289784905456 1.508345333127531 0.09867953980565836 1 1378.8698 559.8810999999999 1
 0.0845667747943013 1.508333168166104 0.09858518012827673 1 1185.5847 512.19794 1
 0.08517103926607203 1.508259817166577 0.09851649052808563 1 956.70795 476.2125 1
 0.08591132887964402 1.5082964931803 0.09845275851390635 1 700.888 437.0632 1
 0.08665849886478239 1.508323557646742 0.09835264072617193 1 460.89465 389.17935 1
 0.08730946053497245 1.508306574147636 0.09824105973501923 1 263.247 343.29468 1
 0.08786685559546556 1.5082491871697 0.09812323571893801 1 99.43553 301.8206 1
 0.0881180359942578 1.508032351864952 0.09758463724955621 1 0.8435805 126.17321 1
 0.08757337877881553 1.508081852485446 0.09755891107212523 1 149.66586 113.23396 1
 0.0869627270453297 1.508199760614271 0.09755143374688599 1 348.71707 107.01181 1
 0.08636153302068482 1.508216171672049 0.09747908475337291 1 542.4609400000001 79.58620500000001 1
 0.08575338634128286 1.508246559114863 0.09743091815908679 1 754.06165 62.77164 1
 0.08516954260796612 1.508282152970859 0.09740928768685352 1 968.3592 56.713078 1
 0.08458187574146671 1.508241994754236 0.09742799113659009 1 1186.018 67.281364 1
 0.084070945794516 1.508183684366341 0.09742462645841951 1 1382.1085 70.5968 1
 0.08373178566944496 1.508139990147471 0.0973147310824881 1 1517.158 31.522085 1
 0.08356840824469444 1.508194994092805 0.09721903159225384 1 1584.8446 2.8214793 1
 0.08853829976147881 1.508838410696339 0.09766382253291196 1 38.063263 151.35275 1
 0.08768650672508523 1.508836222638338 0.09792993107291205 1 248.19167 230.70894 1
 0.08720041784543525 1.508871980821408 0.09801604921861207 1 386.43344 259.5797 1
 0.08669553454242586 1.508893212380273 0.09806578298115595 1 535.1409 278.94644 1
 0.08616991084105913 1.508901892892486 0.09810616116595726 1 696.4783 296.787 1
 0.08564942758958767 1.508898711332879 0.09808226113742033 1 862.7353000000001 294.4696 1
 0.0851599190028479 1.508916485739487 0.09802327259226966 1 1028.1469 279.7583 1
 0.08472777369648825 1.50893924351178 0.09789821924957089 1 1179.2443 241.25325 1
 0.08433981035376177 1.508924231224584 0.09778077997873276 1 1315.4609 204.63437 1
 0.08402817143283393 1.508908040642281 0.09774068095185823 1 1426.1743 193.87518 1
 0.08383810089754039 1.508936063087905 0.09781627965399159 1 1494.2896 225.52591 1
 0.08374570766846164 1.508949477347453 0.0980148749833384 1 1525.0516 298.56082 1
 0.08377577032877676 1.508931886771 0.09826267249987658 1 1510.0682 387.36823 1
 0.08397862220695085 1.508914595297244 0.09844165912414275 1 1434.3838 448.1202 1
 0.0842810933053755 1.508861181893645 0.09858612644549397 1 1322.6803 495.23453 1
 0.08467939641205448 1.508830711645551 0.098695156238919 1 1179.7072 526.39874 1
 0.08516229902673869 1.508830418476743 0.09876352196564779 1 1013.4433 539.6355 1
 0.0857081666582942 1.508839555971886 0.09881453600359831 1 833.17096 545.06177 1
 0.08627182293714526 1.508841549127121 0.09886524562681324 1 655.0804000000001 550.0388 1
 0.08679339340855372 1.508767983134337 0.09890848555451776 1 488.19028 556.82916 1
 0.08726507215136506 1.508663987931756 0.09896245686098576 1 337.76053 569.3823 1
 0.08770950430449673 1.508596820512606 0.09902319222031258 1 206.54665 582.5962500000001 1
 0.08814837153242541 1.508595504265179 0.09906288761871816 1 94.28523 585.7143600000001 1
 0.08831197236673766 1.508593917959989 0.09978436482037424 1 63.239296 798.16315 1
 0.08797047158258554 1.508559830430805 0.09989351040436188 1 143.17673 844.1977000000001 1
 0.08756089722735783 1.508596825378045 0.100030308672948 1 256.3768 897.19257 1
 0.08709813212561827 1.508624806440791 0.1001563789627222 1 387.72934 950.4848 1
 0.08661019375011877 1.508655303537563 0.1002535045689324 1 532.17017 996.7053 1
 0.08560060904090999 1.508659647647874 0.1004252353828677 1 841.103 1089.5288 1
 0.08513761989871609 1.508667126528868 0.1004640359084649 1 991.4672 1120.1873 1
 0.08470562934734119 1.508636574748268 0.1004598744999031 1 1131.8392 1139.1757 1
 0.08430302454262142 1.508622347715928 0.1004630405193682 1 1268.2814 1157.0598 1
 0.08393027868247692 1.508583257533215 0.100501045252667 1 1394.2527 1187.7578 1
 0.08730932540975772 1.509721344344031 0.1014609716023825 1 490.32 1195.8108 1
 0.08798562006007141 1.509730761723004 0.1013450666060239 1 331.02432 1141.4568 1
 0.08852988725825585 1.509771924072236 0.1012422484436031 1 213.4556 1091.1134 1
 0.08811235687176983 1.509764696998874 0.1005343904990211 1 295.74573 930.0691 1
 0.0875349453469967 1.509783620373315 0.1004576179243632 1 434.43076 927.6801 1
 0.0868519362250684 1.509777127670101 0.1004395230020955 1 605.84906 945.5833 1
 0.08616638468630544 1.509758959026396 0.1003693650788093 1 787.56854 949.69116 1
 0.08554291305585521 1.509774456274141 0.1002473680953127 1 965.1171000000001 933.2458 1
 0.08501340632253111 1.509882955489892 0.1001588351331235 1 1127.7335 914.56366 1
 0.08448709975407945 1.509928301886923 0.1001432992928758 1 1286.0054 921.1568600000001 1
 0.08403087689931112 1.509956311836767 0.100141996033593 1 1423.3752 930.3765 1
 0.08374850651088443 1.509932451402883 0.1000587774893443 1 1509.5123 915.2768600000001 1
 0.08371008344354094 1.509919046113269 0.09993229992178027 1 1524.0262 879.83606 1
 0.08390515629694539 1.509968463181185 0.09980488124321671 1 1468.7018 833.4219000000001 1
 0.08424665539160363 1.510029667498096 0.09968132931414285 1 1370.0007 784.05566 1
 0.08468734338131263 1.510040194569388 0.09954240973737252 1 1241.0228 731.76764 1
 0.0852666747411772 1.510078791000636 0.099374152139681 1 1074.8519 666.84827 1
 0.08595625077201782 1.510104485188509 0.09918064577828876 1 882.217 594.8771 1
 0.0866717484962171 1.510101135102952 0.09903350341414308 1 687.71497 539.6778 1
 0.08736454404132014 1.510067399572557 0.09891813889055628 1 505.00684 497.25745 1
 0.08798216048335343 1.510009706557739 0.09884845379120336 1 347.32034 470.96414 1
 0.0884662049059472 1.509935345466035 0.09881814501728671 1 225.41975 459.02365 1
 0.08896762931498516 1.509869749960252 0.0986287785804007 1 105.510086 404.84528 1
 0.08898569077087304 1.509892961024812 0.09846455815891818 1 104.60106 360.72736 1
 0.08886050679121195 1.509915709517563 0.09825454005349259 1 134.49277 303.95215 1
 0.08857788438182351 1.509927853020485 0.09811106301638696 1 198.30144 266.26434 1
 0.08815369918818126 1.509931997625278 0.0980607100678763 1 295.62814 255.18091 1
 0.08760366548264745 1.509912836486237 0.09804881405748064 1 426.5091 254.32285 1
 0.08699680994375275 1.509932734071376 0.09800671304815281 1 585.05493 245.63782 1
 0.08635505337166077 1.509969873161008 0.09796431657267091 1 763.8169 236.94357 1
 0.08572169373351707 1.510001934489456 0.09791995781184841 1 947.6403 228.47179 1
 0.08513750781486576 1.510021352968841 0.09784899277565569 1 1123.0176 211.47742 1
 0.08461738451403535 1.510025029918278 0.0977589593702622 1 1281.6055 190.31442 1
 0.08419362890681578 1.510032185154634 0.09770545353712394 1 1413.0538 178.82417 1
 0.08388708739243637 1.510040787125683 0.0976614800126193 1 1509.1714 169.24219 1
 0.08369322430222026 1.51002280677579 0.09757248045511036 1 1570.2202 144.04163 1
 0.0836850752206782 1.510007767664742 0.09741998668310388 1 1574.0743 95.95895 1
 0.08386741642414904 1.51001972452517 0.09723151232800009 1 1518.7523 34.55764 1
 0.08871410405791301 1.511917399320716 0.09716713559989375 1 416.51566 31.213564 1
 0.08854127400266654 1.511805558059474 0.0973986021464494 1 439.07043 82.9623 1
 0.08823884662161417 1.51177078183467 0.09757556877568739 1 497.65656 123.609436 1
 0.08779795680977318 1.511749484359722 0.0977131599346153 1 589.60754 156.55914 1
 0.08727693907280169 1.511735069703932 0.09776924024751631 1 703.9876 171.53539 1
 0.08669297644239864 1.511775772674912 0.09778765589299847 1 842.14624 178.54846 1
 0.0860920775553369 1.51181586248073 0.09776000028281939 1 988.2264 173.26245 1
 0.08551402773423918 1.511835811140569 0.09764401046401766 1 1131.9867 149.73967 1
 0.08495108953948195 1.511921701164352 0.09755731531846921 1 1277.0371 131.33946 1
 0.08444187216355582 1.511974943049492 0.09747239336657629 1 1407.7576 115.80976 1
 0.08403948035037771 1.512081504681384 0.09746131806937118 1 1511.8804 117.59985 1
 0.08377924780648253 1.512189463724745 0.09761196379763235 1 1577.4043 158.3719 1
 0.0836359102821502 1.512184121502295 0.09795995274853699 1 1610.0337 248.1449 1
 0.08369082445833526 1.512142263283634 0.09833121490748761 1 1592.0436 341.204 1
 0.08396457705347284 1.512075508338255 0.09859482007639232 1 1519.6907 404.82416 1
 0.08437952366922191 1.51200479226336 0.09876976409544964 1 1412.173 444.49942 1
 0.08493931871978293 1.512047053083395 0.09888434731826565 1 1273.9393 463.7949 1
 0.08558814875063844 1.512001306479195 0.09892991618410668 1 1114.2585 465.99106 1
 0.08623468123924802 1.511932487357131 0.09901101030070918 1 954.73865 479.81226 1
 0.08691714614509265 1.511934133229557 0.09908701170139085 1 797.1633 488.75845 1
 0.08753452333575461 1.511945968078694 0.09918982023945379 1 660.8363000000001 504.17328 1
 0.08801837309011538 1.512023835522817 0.0993302656604939 1 565.78406 528.07855 1
 0.08832071729966007 1.512039981003399 0.09952129155375172 1 505.53802 566.4325 1
 0.08846386136209881 1.511949485346689 0.09969644536917685 1 467.99078 606.3955 1
 0.08641204507596671 1.511739953037968 0.10050539115559 1 892.7298 840.8738 1
 0.085848466395696 1.511748099135638 0.1004149248665205 1 1025.7385 832.353 1
 0.08527125366756928 1.511751111080424 0.1003256726063298 1 1165.2555 822.9613000000001 1
 0.08471073473608669 1.511838970340089 0.1003170626930839 1 1306.1216 827.32104 1
 0.08421999471709478 1.511927060523648 0.1003819199006571 1 1428.4961 848.53076 1
 0.08380440182787591 1.511961436993726 0.1005464082081056 1 1528.4204 893.4524 1
 0.08352129606543285 1.51198664405138 0.1007744770592281 1 1593.5479 951.3601 1
 0.08348976738070234 1.512027256593041 0.101005919270001 1 1596.9242 1003.23895 1
 0.08363736242803541 1.512071950769425 0.1012567111095377 1 1557.2114 1054.2158 1
 0.08390080202891945 1.511940022084445 0.1015007954474215 1 1486.9298 1114.4369 1
 0.08429702444496318 1.511798438354415 0.1017294217241407 1 1384.2107 1168.4066 1
 0.08487283294953463 1.511710665515676 0.1018455826399754 1 1242.0308 1187.3607 1
 0.08555544942634477 1.511761830508257 0.1019325680216457 1 1083.968 1183.5686 1
 0.08623763685315726 1.511840870543692 0.1020374504758185 1 933.7263 1180.0385 1
 0.08689680992055134 1.511871635581271 0.1021011102059392 1 792.0951 1171.3743 1
 0.08748876793899185 1.511883906381684 0.1021473887570545 1 668.7961 1161.8463 1
 0.08795809196496626 1.511867670636256 0.1022428959940296 1 572.4491 1167.6849 1
 0.08821654725835837 1.511872339829502 0.1024580720090203 1 524.0429 1198.1099 1
 0.08899058874145528 1.513392979301585 0.1031720427973299 1 517.0842 1198.3805 1
 0.08873968582285698 1.513319668210944 0.1030167357416422 1 552.8558 1186.3807 1
 0.08831450427683099 1.513212847877924 0.1028424383717522 1 618.7862 1174.6505 1
 0.08776684655959412 1.513097427246236 0.1026716344910266 1 710.0377999999999 1166.7365 1
 0.08712936004455353 1.51308034153396 0.1025386209680448 1 830.0912 1160.398 1
 0.08642590774108315 1.513068154510215 0.1024693715917234 1 968.1387 1166.568 1
 0.08571173039360785 1.513139979707093 0.1024232870832927 1 1116.8281 1170.1107 1
 0.08501154978926928 1.51323405724451 0.1024162486884419 1 1264.5353 1177.0287 1
 0.08444465910972287 1.513306538863715 0.1022772491651885 1 1387.0786 1157.8248 1
 0.08398478895346742 1.513391751509821 0.1021755449020084 1 1486.8267 1140.9601 1
 0.08364587472397357 1.513432245023783 0.1020901392048696 1 1559.876 1127.6047 1
 0.08347125807980769 1.513463624282536 0.1019216998704475 1 1600.0784 1095.2659 1
 0.08339293665517732 1.513496429609702 0.1017800658411919 1 1619.5394 1066.1907 1
 0.08350076951065911 1.513522331717117 0.1016092642841321 1 1600.336 1028.3337 1
 0.08380234466247927 1.513490342215022 0.1015212818205832 1 1537.935 1007.0852 1
 0.08489613936638692 1.513381738650463 0.1013579786573285 1 1306.6653 960.8493999999999 1
 0.08558243404661463 1.513298043314305 0.1013113779795537 1 1160.0812 942.0017 1
 0.08628304406064081 1.513262665878459 0.1012681861909335 1 1013.9058 920.85065 1
 0.08695692339042337 1.51315625415568 0.1011656196647781 1 871.4497699999999 891.8442 1
 0.08758201529236539 1.51311282702972 0.101043194272413 1 745.20044 856.58075 1
 0.0881336853301639 1.513157299889217 0.1009209274171217 1 642.8082000000001 818.7992 1
 0.0885738502645019 1.513234504886939 0.1007793358793779 1 567.0555000000001 778.71295 1
 0.08887483445736469 1.513231092944761 0.1005910228716527 1 511.59952 736.5196 1
 0.08754346137790459 1.512983101461497 0.09991819897721756 1 744.2128 631.5506 1
 0.08686200291893377 1.512994663643185 0.09978999910391755 1 884.6570400000001 614.31354 1
 0.08612167170098615 1.51308847303594 0.09981601505050869 1 1046.4479 627.95776 1
 0.08542159222862837 1.513143367156884 0.09975553095491371 1 1200.7194 623.61743 1
 0.08477992793533673 1.513176671637601 0.09978936654677614 1 1342.6256 639.74347 1
 0.0842138432048003 1.513187472032832 0.09977529037317164 1 1468.6582 645.1346 1
 0.08375561234024421 1.513327825278684 0.09970981905933336 1 1573.5677 632.34656 1
 0.08341360004868982 1.513392398378415 0.09951911339248004 1 1652.2695 593.0963 1
 0.083204609280636 1.513459500841737 0.09932482225087713 1 1701.1984 550.9645400000001 1
 0.08320441085282393 1.513485879394442 0.09912058242548041 1 1704.0494 505.0691 1
 0.08343980036451303 1.513430454498553 0.09908509784532606 1 1652.467 495.32993 1
 0.08384472041218971 1.513403993989631 0.09905872432343311 1 1562.8861 484.49814 1
 0.0843701335972588 1.513342430542813 0.09899060273058362 1 1446.1313 463.7391 1
 0.08504154724070452 1.513374008777768 0.0989501764520949 1 1299.5984 445.35724 1
 0.08577796633254814 1.513323097440244 0.09884056788434031 1 1138.5721 413.50504 1
 0.08653426207136156 1.513282763403298 0.09866390308828994 1 976.6576 367.79645 1
 0.08724359554063078 1.513299972246169 0.09848154669416896 1 831.96686 321.85004 1
 0.08783602379865366 1.513323682037413 0.09835237920726639 1 715.93976 290.00977 1
 0.08832334441418414 1.513308635873267 0.09816928092011316 1 620.9461 249.26883 1
 0.08868529244547602 1.513377361979905 0.09803804640982586 1 558.89276 220.35088 1
 0.08886689118546556 1.513431486475208 0.09790099967578067 1 530.2526 191.38808 1
 0.08884934515352472 1.513433972305755 0.09772419773020127 1 534.38586 155.82841 1
 0.08861552466754791 1.513409804983958 0.09757935606929093 1 576.0665 126.555145 1
 0.0881778718865638 1.513362448053733 0.09749186939085235 1 655.55804 108.84052 1
 0.08756561306527513 1.513361113938221 0.09742168880071746 1 775.9289 94.90961 1
 0.08683025731801179 1.513415860196703 0.09737015168189202 1 929.4536000000001 86.00288 1
 0.08606183935132597 1.513476054355359 0.09741567011890036 1 1093.6476 99.16916999999999 1
 0.08535724315170745 1.513582511526675 0.09751169706440505 1 1248.5115 124.64599 1
 0.08475626745862341 1.513606946371704 0.09753040528729122 1 1379.5499 133.43811 1
 0.08426395781684833 1.513605157643427 0.09758936193485562 1 1486.8058 150.89978 1
 0.08386004542211445 1.513579887350223 0.09755489466476128 1 1575.6072 147.30301 1
 0.08353827939382512 1.513578432127413 0.09744659307444577 1 1647.3527 126.77474 1
 0.08334463379948931 1.513638163000099 0.09726644741947647 1 1691.5118 89.30009 1
 0.08334185941981402 1.513680349039292 0.09704068957360794 1 1693.6019 39.19604 1
 0.08360375924363894 1.513630989100887 0.09690804719349773 1 1636.5701 6.828223 1
 0.08875384265457983 1.514273685007982 0.09698342610115117 1 622.9837 13.4243765 1
 0.08902241155004233 1.514267800773777 0.09711430732563237 1 574.8464 38.927223 1
 0.08907707376616926 1.514282106372634 0.09728346810304317 1 565.7862 71.19418 1
 0.08893669838588081 1.514293982753403 0.09743985672813135 1 590.49396 100.84595 1
 0.08863263990572538 1.514312882252504 0.09756968681695255 1 645.0646 125.88835 1
 0.08819896820377478 1.514252056438474 0.09768323202069289 1 718.2542 148.61823 1
 0.08761468184898523 1.514256843866915 0.09785455354077634 1 826.16315 184.17108 1
 0.08696699121701233 1.514233404280508 0.09795193066956821 1 947.95624 206.78287 1
 0.08629366707303689 1.514282471233328 0.09801308876638912 1 1082.4081 223.20844 1
 0.08561309030986269 1.514407521925494 0.09811830414006446 1 1222.8436 249.04082 1
 0.08501323765703592 1.514440998306222 0.09810408829306139 1 1345.0253 251.20552 1
 0.0844320781148155 1.514488178361986 0.09824204076716653 1 1463.2295 284.09406 1
 0.08396063630932801 1.51451310929192 0.09830729685946375 1 1559.2745 302.9677 1
 0.08357447446210534 1.514527162414201 0.09844196827125677 1 1636.9943 334.89114 1
 0.08334290633272842 1.514534950148256 0.09853822245469895 1 1683.2809 357.36838 1
 0.08331662595548542 1.514533095891354 0.0986667432608692 1 1687.309 384.08447 1
 0.08347643651389024 1.5143966057117 0.09887140011987855 1 1652.0626 426.77127 1
 0.08379058244496111 1.514386883055874 0.09910208683356268 1 1585.1028 470.5086 1
 0.08428795238402804 1.514410956443383 0.09917373167865345 1 1483.1514 478.3988 1
 0.08486193057469449 1.51443494823161 0.09930856282843177 1 1366.2046 498.0271 1
 0.08549156535791951 1.514415471741701 0.09945567072364909 1 1238.4457 520.29126 1
 0.08616724598270911 1.514379628667673 0.09954850821177851 1 1103.2899 531.4161 1
 0.08689281660407687 1.514347274458414 0.09953279147707755 1 961.7148999999999 519.8213500000001 1
 0.08758604657212743 1.514319470334086 0.09960224074091824 1 829.7476 526.38904 1
 0.08824252753369272 1.514289713993031 0.09963281390145598 1 708.19464 525.3453 1
 0.08877002466965904 1.514267621365612 0.09971543132045552 1 613.21405 535.75134 1
 0.08904661000335104 1.514249504972934 0.09995544461452636 1 564.08026 577.917 1
 0.08911336751277199 1.514239665025067 0.1002076001707787 1 551.87506 623.68317 1
 0.08898560687331113 1.514225429896063 0.1003755038796773 1 572.77185 657.10925 1
 0.08868228449483606 1.51421201247634 0.1004583046265963 1 624.20215 677.31165 1
 0.08820833840969439 1.514265951783814 0.1005351123760843 1 711.36163 696.87744 1
 0.087593907370493 1.514278720471373 0.1005903995317283 1 822.98596 716.366 1
 0.08688156014269993 1.514250098831141 0.1006368936061533 1 953.6643 737.737 1
 0.08610780921472327 1.514353713382533 0.1007004405511094 1 1106.4166 758.28864 1
 0.08536384114433337 1.514385543602124 0.1007795329149503 1 1251.7717 784.1023 1
 0.08469974839185831 1.514406938396888 0.1008744914184487 1 1382.4014 812.2598 1
 0.08415008139019547 1.514435972349942 0.1009375583352129 1 1491.237 831.8375 1
 0.08370455986198345 1.514452842778358 0.101080319211786 1 1577.8727 865.6416 1
 0.08339874483403945 1.514461941991295 0.1012590662581386 1 1635.6473 904.3104 1
 0.08326033078785366 1.514434165288367 0.1014917026553335 1 1658.9353 952.68414 1
 0.0833368267405929 1.514428020581423 0.1016653722142998 1 1640.8357 984.8524 1
 0.08361599653105717 1.514416628635871 0.1017532260949574 1 1584.4204 997.6838 1
 0.08401785062231519 1.514335675330892 0.1018641488846594 1 1502.4265 1017.1717 1
 0.08457117707071476 1.514316934553266 0.1019209722352507 1 1392.6002 1019.4192 1
 0.08526822080229993 1.51422454479672 0.1018516635879889 1 1254.7993 998.3202 1
 0.08596180469929064 1.514214853090708 0.1019033515595196 1 1120.116 995.05066 1
 0.08663159964120067 1.51429497568949 0.1020201896332839 1 996.9909 998.4526 1
 0.08872822560749931 1.514196447116527 0.1023178442227966 1 618.29047 1011.34204 1
 0.0889223482860725 1.514188921772904 0.1024743081781481 1 585.453 1034.8274 1
 0.08891608010535763 1.514168205099863 0.1026633113617733 1 585.8441 1068.2572 1
 0.08870018581330961 1.514183412981269 0.102832681499128 1 623.4499499999999 1101.6892 1
 0.08835061350810659 1.51417281171709 0.1029015973261487 1 681.907 1122.2517 1
 0.08785791401917292 1.514197449070945 0.1029489677272045 1 768.4589999999999 1140.7855 1
 0.0872403044246782 1.514176297591335 0.1029748139303479 1 876.1919 1161.5503 1
 0.08652270250272262 1.514206727975109 0.1030094118909162 1 1007.7383 1182.4327 1
 0.08507444186504842 1.514338611068448 0.1029817998225241 1 1283.7905 1197.2616 1
 0.08851105093970353 1.509054112169774 0.1006506441154894 1 105.680435 999.4465 1
 0.08853784999942364 1.509086932517345 0.09966519985360089 1 89.142555 727.6405 1
 0.08853969838099356 1.509102345966104 0.09872669256881832 1 82.41930000000001 459.49585 1
 0.08853049667161025 1.50911471161391 0.09785754591191055 1 84.084496 204.19067 1
 0.0884796807847337 1.510407910784021 0.09771959282988583 1 285.90402 159.7036 1
 0.08831064348767814 1.510355262734438 0.09877263609749193 1 316.91547 437.08582 1
 0.08816746111876286 1.510259258178664 0.09986713022675324 1 341.2114 726.77277 1
 0.0880631330907392 1.510132183880266 0.1009714845816743 1 358.88074 1014.4445 1
 0.0881262590164265 1.51054932021448 0.10121060129376 1 396.62173 1037.9343 1
 0.08816303321639123 1.51057146655474 0.1003015672902037 1 383.42786 818.17584 1
 0.08818737565778181 1.510625901642565 0.09941938845063844 1 379.94916 595.1913 1
 0.08818479652493522 1.51067223960149 0.09857985046132012 1 384.3833 380.46198 1
 0.08816998264217936 1.510709599414215 0.09772977483604307 1 393.16696 161.49127 1
 0.08780326660703067 1.511492865319054 0.09968843336059062 1 560.1072 633.034 1
 0.08768513428464186 1.511404551013277 0.1008516476194288 1 579.9421 910.0907 1
 0.08755873462798681 1.511320677504504 0.1019585772463603 1 603.84076 1164.348 1
 0.08792176738937241 1.512689580237275 0.1020634992999136 1 648.073 1075.2615 1
 0.08796037698067827 1.512660644719062 0.1011708352638003 1 636.1857 898.07556 1
 0.08799684076452359 1.512674860098774 0.1002369423956495 1 628.9557 703.19714 1
 0.08802126753983366 1.512700961567674 0.09927490182111222 1 626.2143 495.68915 1
 0.08804683683800896 1.51271658925404 0.09827795571672145 1 624.5127 278.86606 1
 0.08807457556673998 1.512751299411678 0.09726603221319628 1 625.64886 57.797695 1
 0.08806995027740644 1.513911049738722 0.09743206219350888 1 718.5656 98.50947600000001 1
 0.08805657751879546 1.513926415398552 0.0983697205659346 1 718.72205 286.2 1
 0.08796540466315 1.513744318768529 0.1024341328418586 1 719.0318600000001 1076.2681 1
 0.08671655767734274 1.508423502224299 0.10021275569127 1 467.73584 1002.12195 1
 0.08678748855692392 1.508421043765153 0.09929056695708416 1 439.23587 701.75714 1
 0.08680520720265228 1.508393688683635 0.09835238332341653 1 427.02863 384.6685 1
 0.08680827460423014 1.508390879738035 0.09745827800248338 1 428.03976 74.64955 1
 0.08648703581350248 1.509081394327624 0.09799281036376019 1 622.72986 253.59875 1
 0.08643181638533913 1.509022568773704 0.09915541677130615 1 629.3454 630.6641 1
 0.08637640524583975 1.508985086488955 0.1003008522219155 1 641.9423 990.1924 1
 0.08634971121796248 1.509915670047193 0.1006079674228159 1 753.00116 996.35986 1
 0.08640231427356689 1.509915769092525 0.09961067197172783 1 739.30994 718.028 1
 0.08646356097500031 1.509936708292115 0.09861288859752786 1 727.4525 427.64185 1
 0.0865254458292944 1.509990999890489 0.0976463394994125 1 720.3232 142.54486 1
 0.08652237065415332 1.510898381331131 0.09729663416321825 1 812.57214 49.50766 1
 0.08655656731915859 1.510951837255349 0.09858552184593428 1 801.70636 393.1539 1
 0.08658316288553503 1.510912937513884 0.0998741541647019 1 787.9562 731.0861 1
 0.08659858356695523 1.510919318397719 0.1011981063058637 1 782.77484 1055.7256 1
 0.08648207459505604 1.511886859878014 0.1020048017521333 1 882.9227 1162.3182 1
 0.08651990764387125 1.511883320681042 0.100887112131898 1 877.56433 917.3899 1
 0.08651146334405166 1.511842111917578 0.09975976505094855 1 880.44775 658.43634 1
 0.08646805160480846 1.511815838113813 0.09860093908469175 1 893.6486 379.85373 1
 0.08642534001909438 1.511816823104433 0.09739740789439622 1 910.40137 81.45154599999999 1
 0.0864248617301636 1.512552569728286 0.09754100981351031 1 960.76605 121.46321 1
 0.08647608286020517 1.512526069017781 0.09891428714657285 1 940.2001299999999 439.01437 1
 0.08649629361302014 1.512503088946744 0.1002964843368046 1 927.8303 751.4326 1
 0.08650008696312939 1.51246438551012 0.1016240936438141 1 919.20795 1039.0544 1
 0.08618670128561878 1.513086262262052 0.1024963322743127 1 1016.60266 1176.307 1
 0.08622895241204077 1.51313086218674 0.1012620872178727 1 1017.68695 928.2677 1
 0.08626514788859918 1.513164355968224 0.1000429787807972 1 1018.83325 671.48804 1
 0.08629886397186516 1.513200803765231 0.09884984308705204 1 1020.5685 412.03726 1
 0.08631279445059059 1.513278655123949 0.09767667741904548 1 1028.2638 153.96497 1
 0.0861080368045905 1.514326172266389 0.09701527998366284 1 1126.326 21.881056 1
 0.08612000993041785 1.514359745006761 0.09820555271126626 1 1119.2875 262.89243 1
 0.0861320294458881 1.514311797403002 0.09944786519783144 1 1107.6283 513.59235 1
 0.08614778000503799 1.514253582740881 0.1006912313879453 1 1093.7759 760.6826 1
 0.0861418376657503 1.514124897175709 0.1019277740101651 1 1081.3137 1001.5129 1
 0.08441297987885293 1.508453189036351 0.09995615437145158 1 1228.5894 1002.7986 1
 0.08446577814098205 1.50851485570081 0.09895998740912161 1 1230.3473 641.18726 1
 0.08449401389393593 1.508553491779729 0.09793383068875806 1 1236.2151 258.4542 1
 0.08475862458374471 1.509737080383255 0.09760685936521861 1 1223.3442 138.93958 1
 0.08487480313254656 1.509770452218954 0.09894559419632866 1 1175.6353 559.9133 1
 0.08499642854704431 1.509769154455469 0.1002890369640988 1 1123.6819 961.68884 1
 0.08498040462232424 1.510490627627553 0.1012530581157445 1 1161.2612 1156.4208 1
 0.08500445237177587 1.51047828533276 0.1000661172002047 1 1167.8589 844.2093 1
 0.08502805640845387 1.510502708897668 0.09884138353910266 1 1175.4794 497.7877 1
 0.08503070396117396 1.510519895074157 0.09759451258417282 1 1186.9326 136.65239 1
 0.08470874699861351 1.511348743519404 0.09898266179489801 1 1302.7028 513.463 1
 0.08471270152509572 1.51135924852626 0.1002976848739091 1 1286.4683 852.68256 1
 0.08469828708210289 1.511351162241965 0.1016067611144083 1 1271.8557 1169.94 1
 0.08483944575627385 1.512429519120866 0.1014843873131284 1 1283.642 1051.7487 1
 0.08488224754753448 1.512432147476259 0.100233149061033 1 1288.7693 771.3283 1
 0.08490701641359114 1.512424262090566 0.0989474469745477 1 1295.7943 469.82648 1
 0.08489118426669366 1.512403672273291 0.09767509305337702 1 1309.3257 163.1124 1
 0.08454761306156121 1.513074430232231 0.09822830219334168 1 1406.5354 293.77805 1
 0.08457163588071839 1.51300696393209 0.09960594455615085 1 1385.7137 608.97565 1
 0.08455820904717112 1.512952845344333 0.1009890346064478 1 1370.5347 915.8594399999999 1
 0.08452490017637714 1.512863355733079 0.1022731040027173 1 1356.9403 1189.0688 1
 0.08465317295802394 1.514256742673839 0.102805978837106 1 1363.7191 1183.3003 1
 0.08467667198870273 1.514235309608434 0.1016311624258313 1 1373.4799 967.0242 1
 0.08466601715372676 1.51428317915629 0.1004233746246704 1 1391.2168 728.3455 1
 0.08461252305476046 1.514300652674017 0.09919082623532022 1 1414.4231 480.3905 1
 0.08454906830338069 1.514332830826333 0.09796582021273936 1 1438.1274 227.62491 1
 0.08520044759240725 1.511740450265875 0.09920880122512654 1 1192.5454 550.5229 1
 0.08538722402339925 1.511912994179409 0.1001722315377914 1 1147.1166 775.0134 1
 0.08555342245575012 1.511886606726614 0.1011296549728401 1 1098.2352 995.68896 1
 0.08579996784683491 1.512019193215714 0.1017837153271779 1 1044.2301 1123.7308 1
 0.08603318373117377 1.512070905692733 0.1021433942607035 1 993.08234 1189.1912 1
 0.0854354341164613 1.513261013102508 0.1019170484165046 1 1183.3372 1069.3744 1
 0.0858586540420383 1.51305976349506 0.101203024904991 1 1091.4891 928.4212 1
 0.08652104383067614 1.512756978244569 0.1011311663096331 1 935.3675500000001 917.333 1
 0.08719825733368984 1.512393653668651 0.1016080443631503 1 768.3185 1022.9368 1
 0.08763921243172955 1.512099564968844 0.1024134231546104 1 657.2222 1192.8995 1
 0.08685967697384307 1.512132847111476 0.1021976339781381 1 819.1178 1172.0255 1
 0.08736268513218995 1.511741940771088 0.101870903908521 1 682.316 1119.2697 1
 0.08788049032627121 1.51122302488258 0.1020982288562917 1 527.4942 1191.1654 1
 0.08606640265083859 1.511545542343491 0.1013137662031578 1 955.9319 1049.3401 1
 0.08650145414454445 1.510919871832956 0.1003128578678369 1 807.3649 842.224 1
 0.08691805925821564 1.510242433629378 0.09987071816030725 1 638.23096 757.8337 1
 0.08724821870272159 1.509687167540462 0.1001053518792182 1 491.34653 848.6377 1
 0.08740729220416812 1.509277293862121 0.1008043776361769 1 404.25284 1066.1337 1
 0.08543654131563838 1.509491202182599 0.1005485709556257 1 970.2684 1046.9612 1
 0.0854191183958191 1.510080696110203 0.09929545560474014 1 1031.6613 639.93823 1
 0.08549714107337179 1.512323176497708 0.1003983353378154 1 1140.159 802.6467 1
 0.08545263522662393 1.512342593642527 0.1019519165287405 1 1137.283 1143.1763 1
 0.08399963732784609 1.51362896706376 0.1025486014648714 1 1482.4839 1193.1752 1
 0.08378825565853813 1.513942667994391 0.1015457803694119 1 1547.0715 983.5841 1
 0.0836392639881853 1.514127930615851 0.1006670246968743 1 1593.5479 800.8071 1
 0.08362076633561778 1.514289034456429 0.09949814172949743 1 1614.3079 556.8728599999999 1
 0.08381141535560468 1.514141190054025 0.09843561869579551 1 1584.7112 335.4888 1
 0.08426366681947643 1.513943639354854 0.09792991159144011 1 1490.5142 224.30112 1
 0.08493828650187508 1.51383355005477 0.09792570929820639 1 1344.2152 217.26236 1
 0.08570725049181011 1.513663069980738 0.09834421661809373 1 1172.1509 301.37845 1
 0.08624219038900835 1.513509627512155 0.09923179640034975 1 1047.2356 488.11072 1
 0.08629962073988376 1.513311691955433 0.1001658240663977 1 1019.1214 691.15625 1
 0.08543545032617059 1.513402333497331 0.1014341596120798 1 1193.6958 964.33105 1
 0.08491095025841396 1.513637035576737 0.1010848488666418 1 1315.0714 889.66815 1
 0.08467056432697313 1.513730076389362 0.1002036749350119 1 1377.8458 707.9213999999999 1
 0.08480942867665855 1.513480233516967 0.09925448328769046 1 1350.6465 512.21 1
 0.08532521832962936 1.513182153536107 0.09870778418476733 1 1231.8784 391.95532 1
 0.08613645831731591 1.51304867089014 0.09850964301329608 1 1049.657 341.63266 1
 0.08701805633479806 1.513067718943964 0.09842770588385076 1 862.5675 314.93832 1
 0.08777683053088903 1.512594765084462 0.09828185803848193 1 669.10803 282.73166 1
 0.08812648136349441 1.511675125016837 0.09809880873218395 1 509.8544 247.57341 1
 0.08811195514906055 1.510763561135027 0.0979779353867631 1 412.14136 225.26741 1
 0.08802755182222419 1.509956837842083 0.09823615631277113 1 328.77222 303.8468 1
 0.08785328797226276 1.509237468685973 0.09880255241400797 1 269.6087 485.8866 1
 0.08762013458268446 1.508759586778824 0.09959605512111323 1 261.49765 753.1949499999999 1
 0.08736894036381128 1.508624315252997 0.1005120740079184 1 318.39056 1045.4708 1
 0.08821254004144212 1.508886742585684 0.09758642281997934 1 122.76107 124.92692 1
 0.08790794024274759 1.509476271086101 0.09723525441465436 1 292.18704 21.453773 1
 0.08777845086119632 1.510183744139051 0.09750586721364755 1 419.8487 101.78944 1
 0.08789099344918289 1.510689978372683 0.09842645380312745 1 453.1926 343.39212 1
 0.08820854188147266 1.51088066980356 0.09991680963165306 1 407.21 707.3237 1
 0.08832679783489857 1.510891754222424 0.1015602605573678 1 395.67188 1085.5172 1
 0.08845656123349342 1.514233676324103 0.09959244658993058 1 666.0893 516.70264 1
 0.08822649240612482 1.514218077295141 0.09861018020593451 1 707.8129 329.45074 1
 0.08772977582702739 1.514229913806705 0.09811040601960819 1 801.87024 234.3078 1
 0.08715644747812779 1.514271256185736 0.0983452964160295 1 912.4058 284.4517 1
 0.08662058637960261 1.514342278008664 0.09915782770105093 1 1015.4723 449.61746 1
 0.08623489485585724 1.514353041395203 0.1002893472974845 1 1084.3075 676.76355 1
 0.0860807932100104 1.514238707647199 0.1013516200199332 1 1102.0476 888.5936 1
 0.08623180711575994 1.514052222102527 0.1022159938540415 1 1058.9774 1057.4889 1
 0.08663650995518908 1.513936803697185 0.1027042089550129 1 974.2311 1144.3219 1
 0.08717822612018826 1.513819762395377 0.102704584860028 1 867.00653 1139.1812 1
 0.08768398271518475 1.513705873354052 0.1023869640591309 1 767.35236 1077.1218 1
 0.08793456180523694 1.513615732055549 0.1015983851063148 1 714.92303 930.70276 1
 0.08777074352663769 1.513595209636768 0.1007514405576689 1 744.0536499999999 772.53687 1
 0.08721610983802115 1.513580849168983 0.09999287907055511 1 851.13226 630.9047 1
 0.08656932591945271 1.513522717543409 0.09981663949093861 1 977.4471 606.34845 1
 0.08609989077691038 1.513426180904569 0.100609816168688 1 1063.8578 782.02734 1
 0.08563780471125307 1.513252794218973 0.101913606297372 1 1141.1877 1064.7106 1
 0.08395518646325613 1.513928684140527 0.1018332158724099 1 1508.462 1038.2191 1
 0.08409649035756012 1.514004661248774 0.1006182350734302 1 1498.5381 790.1401 1
 0.08422764111314977 1.513980358735965 0.09936503915996793 1 1485.6506 529.92096 1
 0.08426714949406124 1.513843491599451 0.09818839143221919 1 1485.8271 280.80756 1
 0.08442357113713095 1.513305105272971 0.09754359081143019 1 1445.3867 138.19606 1
 0.08467097621253115 1.512501958863779 0.09739430618213209 1 1367.239 96.7487 1
 0.084950682725573 1.512002656524069 0.0977839629597746 1 1278.616 189.51363 1
 0.08521032000879684 1.511659978327886 0.09871721913487604 1 1190.155 427.8241 1
 0.08532082115393938 1.511457884253454 0.09987531084609212 1 1141.5524 727.8629 1
 0.08520271020225481 1.511425309078982 0.1010388607757799 1 1157.8527 1017.45667 1
 0.08523999538337747 1.509467063539957 0.09955118793711512 1 1035.2937 756.21216 1
 0.08520334913820017 1.509876229132032 0.09827261020877208 1 1089.1951 342.08832 1
 0.0849731479231573 1.508418108996287 0.0976607176253397 1 1052.0939 151.35396 1
 0.08503609080487665 1.508346111960888 0.09870277205330803 1 1012.8224 542.02094 1
 0.08499595804986144 1.508173304782301 0.09982454255936249 1 999.09644 965.07434 1
 0.0862947162242125 1.508853760773714 0.1006940096883497 1 652.18335 1121.9432 1
 0.08677457950303868 1.508866083995748 0.09974201252684466 1 510.2309 815.82587 1
 0.08721576763301332 1.508779932908699 0.09877175325271774 1 368.46695 504.9216 1
 0.087614637939538 1.508674931875358 0.09787313448240202 1 240.83879 213.73569 1
 0.08533231900889141 1.510538235785688 0.09810136849080699 1 1098.7802 278.1304 1
 0.08562775507877433 1.510357853419417 0.09889423061142313 1 996.6019 508.27008 1
 0.08614769281474302 1.51016174385789 0.09922430735950639 1 834.3361 600.79974 1
 0.08666314804948673 1.51011290871468 0.09898860276614337 1 691.3247699999999 526.5525 1
 0.08701072164356315 1.510259819393275 0.09829619549639569 1 618.21045 323.4889 1
 0.08709617413221038 1.510540615333283 0.09745869400565649 1 630.8869 90.02948000000001 1
 0.08612410776810045 1.512196860400573 0.09808483887051529 1 1003.64777 252.39485 1
 0.08588449250904003 1.512494090597387 0.09937752698343302 1 1068.3992 554.41864 1
 0.08539059957161391 1.512710091237786 0.1001355431383744 1 1185.1725 726.2178 1
 0.08491905298298447 1.512985156094296 0.1001071260073399 1 1301.9423 715.4193 1
 0.08456645406365014 1.513465362769324 0.09943794037084674 1 1401.1445 555.95483 1
 0.08442438755771793 1.513623027635331 0.09853887553637437 1 1444.3834 357.73157 1
 0.08457162774442305 1.513696807409923 0.09738954075183541 1 1422.68 104.20846 1
 0.08342395129962574 1.514267062011448 0.09770350434072625 1 1672.7527 184.45639 1
 0.08359127579984101 1.514121721724129 0.09861569539377291 1 1629.023 376.60086 1
 0.0838783742377834 1.514097602763989 0.09913745585691601 1 1563.2058 483.3909 1
 0.08440385157321584 1.513836196578978 0.09894714091129039 1 1449.7476 442.47083 1
 0.085017626874241 1.51355119244475 0.09830645283418162 1 1315.6218 301.1575 1
 0.08555690016164937 1.513178065224496 0.09732642294297759 1 1189.4999 80.17013 1
 0.08529788288353525 1.512834808038275 0.09696925985816572 1 1234.0142 2.6888971 1
 0.0870675485205272 1.509772304921547 0.09747611517155549 1 549.2084 89.83537 1
 0.08708028016817271 1.509641187959079 0.09868138706422684 1 525.6699 448.0774 1
 0.0871829246906808 1.509259666329076 0.09938248613647672 1 449.17825 670.26337 1
 0.08738985839222921 1.508836855983904 0.0995943509961341 1 334.1345 753.7465999999999 1
 0.08770528482690201 1.508541210956922 0.09928702886461585 1 200.58873 668.38965 1
 0.08805867707870486 1.508325164015094 0.09866120249118591 1 65.79181 473.88507 1
 0.08585134624400603 1.50841240332879 0.09842450052416281 1 736.1283 422.25287 1
 0.08545669163817743 1.508275308437839 0.09887702739607993 1 853.3276 602.36206 1
 0.08500980683987673 1.508150253069378 0.09856906161470819 1 1003.97205 504.17432 1
 0.08464170911730237 1.508085494988136 0.09792411310890162 1 1145.4496 259.6569 1
 0.08434771745743873 1.514024699477868 0.09833872049774905 1 1470.9688 310.1852 1
 0.08386696800863684 1.514070550946347 0.09807900864712475 1 1575.3331 259.78287 1
 0.08352570078318608 1.514198941802208 0.09739239325492265 1 1653.432 117.24818 1
 0.08464694313635862 1.514297932543972 0.09712650424817776 1 1422.2375 52.46005 1
 0.08504404499970074 1.514112276657533 0.0979487242839725 1 1330.0371 220.19786 1
 0.0856707170179606 1.51388970842872 0.09809509625931863 1 1190.9241 246.77681 1
 0.086344042613429 1.513698421709444 0.09768009925084419 1 1044.5334 154.80214 1
 0.08721514166699265 1.510733283780749 0.09760028670277276 1 621.1895 127.41414 1
 0.08694692209548369 1.510697785860688 0.09923997719809206 1 678.62134 568.2809999999999 1
 0.08657575583066518 1.510802856212756 0.1005651667751001 1 778.5608999999999 911.1514 1
 0.08625893351218956 1.511240833937729 0.1013750663774027 1 888.71765 1081.7089 1
 0.08612782732960043 1.511865206396037 0.101485669523236 1 962.3646 1062.0654 1
 0.08617788574592608 1.512429839568733 0.1010323807181454 1 989.26715 923.5611 1
 0.08634447971542468 1.512728562810182 0.1002022072088825 1 975.5414 723.14996 1
 0.08652853344626607 1.512900513147055 0.09913205442622146 1 952.0782 478.24338 1
 0.08665833680395592 1.512971645354136 0.09808346631234265 1 933.74054 242.50165 1
 0.08675028479771328 1.512951624338414 0.09708137801600326 1 917.881 19.15921 1
 0.08766978740384306 1.512293924887108 0.0992562740279183 1 663.0062 507.72617 1
 0.08758444994931545 1.512211367865795 0.1001821917170867 1 673.4880000000001 718.9612 1
 0.08746945302953468 1.512241838651599 0.1009962904391693 1 700.0799 897.5711700000001 1
 0.08734365326202358 1.512275089577932 0.1016830546262042 1 729.3441 1042.4559 1


