# Created by Octave 4.0.0, Thu May 23 15:02:44 2024 PDT <caveman@RiffellCave1>
# name: corresp
# type: matrix
# rows: 699
# columns: 7
 0.08632543261692473 1.508140817496777 0.1006447306063036 1 1170.6708 82.317894 1
 0.08703679186180832 1.508182470646122 0.1005491735282711 1 1352.1947 176.42648 1
 0.08808203969702447 1.508065908109814 0.1001904452258833 1 1623.2052 329.62183 1
 0.08764488668662414 1.50810876093151 0.1001354942650782 1 1487.9253 299.72784 1
 0.08709276875730414 1.508137906567776 0.1000759112116136 1 1320.0929 256.46872 1
 0.08644762942332357 1.508113034964977 0.09996446647217752 1 1123.3011 203.20435 1
 0.08575651580013087 1.508126067779482 0.09986767915293494 1 918.3521 154.4373 1
 0.08512505461198176 1.508193908561027 0.09977170305979055 1 737.8006 127.30246 1
 0.08453950417292788 1.508275405032522 0.09967327028419821 1 578.37445 110.37283 1
 0.08401687071847259 1.508232861266142 0.0995157183075899 1 429.23615 83.16029 1
 0.08356678984979161 1.508153793453955 0.09935179252587929 1 297.93387 55.853786 1
 0.08328533982198325 1.508099956637631 0.09918688575413598 1 206.71834 49.240498 1
 0.08326480241447877 1.508138692951246 0.09902107551662334 1 174.72862 83.05595 1
 0.08362392619903518 1.508277507771816 0.09881650765487816 1 221.99333 177.24178 1
 0.08405289784905456 1.508345333127531 0.09867953980565836 1 297.26575 255.29417 1
 0.0845667747943013 1.508333168166104 0.09858518012827673 1 402.96185 320.9906 1
 0.08517103926607203 1.508259817166577 0.09851649052808563 1 544.6251999999999 383.2347 1
 0.08591132887964402 1.5082964931803 0.09845275851390635 1 742.3321 491.66534 1
 0.08665849886478239 1.508323557646742 0.09835264072617193 1 952.2923 616.1904 1
 0.08730946053497245 1.508306574147636 0.09824105973501923 1 1144.732 729.86664 1
 0.08786685559546556 1.5082491871697 0.09812323571893801 1 1316.8127 828.6679 1
 0.08831485917120439 1.508133584001283 0.09797606190706047 1 1463.7092 913.2464 1
 0.08858131019061627 1.508055126248606 0.0978827522778908 1 1550.8364 966.2844 1
 0.08868138404387606 1.508002173035364 0.09774604478297272 1 1574.7825 1013.9007 1
 0.08850804065963308 1.507989794944696 0.09765360295289228 1 1499.9873 1013.7274 1
 0.0881180359942578 1.508032351864952 0.09758463724955621 1 1343.3046 980.9698 1
 0.08757337877881553 1.508081852485446 0.09755891107212523 1 1136.0092 913.2374 1
 0.0869627270453297 1.508199760614271 0.09755143374688599 1 917.8150000000001 844.6113 1
 0.08636153302068482 1.508216171672049 0.09747908475337291 1 704.05774 776.4152 1
 0.08575338634128286 1.508246559114863 0.09743091815908679 1 505.92444 706.02606 1
 0.08516954260796612 1.508282152970859 0.09740928768685352 1 334.414 638.03766 1
 0.08458187574146671 1.508241994754236 0.09742799113659009 1 179.5039 548.5715 1
 0.084070945794516 1.508183684366341 0.09742462645841951 1 49.398327 474.8416 1
 0.08462165306047074 1.508323306105845 0.09655000013256923 1 11.423158 784.8169 1
 0.08522971626860207 1.508311444805814 0.09639454612278898 1 139.40695 917.94696 1
 0.08588841404264833 1.508294518583267 0.0962440296795859 1 301.15417 1069.6477 1
 0.08500446371699129 1.509119185553497 0.09613741208250386 1 95.94816 1090.735 1
 0.08558384011724471 1.509167953441641 0.0962566849763507 1 276.31818 1158.6344 1
 0.08853829976147881 1.508838410696339 0.09766382253291196 1 1440.0109 1163.7466 1
 0.08768650672508523 1.508836222638338 0.09792993107291205 1 1200.7899 968.24866 1
 0.08720041784543525 1.508871980821408 0.09801604921861207 1 1058.8657 884.1614 1
 0.08669553454242586 1.508893212380273 0.09806578298115595 1 912.3111 806.46204 1
 0.08616991084105913 1.508901892892486 0.09810616116595726 1 764.8671000000001 729.55426 1
 0.08564942758958767 1.508898711332879 0.09808226113742033 1 615.3973999999999 668.43384 1
 0.0851599190028479 1.508916485739487 0.09802327259226966 1 475.78705 625.14886 1
 0.08472777369648825 1.50893924351178 0.09789821924957089 1 345.82156 605.1853599999999 1
 0.08433981035376177 1.508924231224584 0.09778077997873276 1 230.67395 582.2254 1
 0.08402817143283393 1.508908040642281 0.09774068095185823 1 150.37297 552.6092 1
 0.08383810089754039 1.508936063087905 0.09781627965399159 1 124.739975 521.4029 1
 0.08374570766846164 1.508949477347453 0.0980148749833384 1 141.33035 475.38788 1
 0.08377577032877676 1.508931886771 0.09826267249987658 1 190.60863 427.88297 1
 0.08397862220695085 1.508914595297244 0.09844165912414275 1 265.2839 410.55957 1
 0.0842810933053755 1.508861181893645 0.09858612644549397 1 356.06088 402.88226 1
 0.08467939641205448 1.508830711645551 0.098695156238919 1 467.30573 416.58627 1
 0.08516229902673869 1.508830418476743 0.09876352196564779 1 598.3075 454.06647 1
 0.0857081666582942 1.508839555971886 0.09881453600359831 1 748.95605 505.6434 1
 0.08627182293714526 1.508841549127121 0.09886524562681324 1 910.74567 559.8406 1
 0.08679339340855372 1.508767983134337 0.09890848555451776 1 1066.7261 597.22626 1
 0.08726507215136506 1.508663987931756 0.09896245686098576 1 1216.3649 621.75134 1
 0.08770950430449673 1.508596820512606 0.09902319222031258 1 1361.1405 649.3129 1
 0.08814837153242541 1.508595504265179 0.09906288761871816 1 1499.341 694.9668 1
 0.08870995434916037 1.50866280435853 0.09930808590226252 1 1687.6362 719.6487 1
 0.08869786922683817 1.508644510621655 0.09947630765344836 1 1700.8755 675.5113 1
 0.08831197236673766 1.508593917959989 0.09978436482037424 1 1617.3289 551.81506 1
 0.08797047158258554 1.508559830430805 0.09989351040436188 1 1531.4221 482.36182 1
 0.08756089722735783 1.508596825378045 0.100030308672948 1 1426.441 416.1327 1
 0.08709813212561827 1.508624806440791 0.1001563789627222 1 1309.7166 348.25476 1
 0.08661019375011877 1.508655303537563 0.1002535045689324 1 1187.3837 287.17767 1
 0.08560060904090999 1.508659647647874 0.1004252353828677 1 947.5270400000001 163.62637 1
 0.08513761989871609 1.508667126528868 0.1004640359084649 1 840.06964 119.5117 1
 0.08470562934734119 1.508636574748268 0.1004598744999031 1 737.75684 78.47500599999999 1
 0.08430302454262142 1.508622347715928 0.1004630405193682 1 646.73206 43.793884 1
 0.08393027868247692 1.508583257533215 0.100501045252667 1 570.1732 4.0137753 1
 0.08484907442971751 1.508674123440821 0.1011616190142136 1 862.61536 1.095412 1
 0.08535533904467632 1.508698367508105 0.1011676368202236 1 978.43396 40.566204 1
 0.08590131558701591 1.508665079690384 0.1011399745566422 1 1105.7092 82.11353 1
 0.08646477336835816 1.508618448094354 0.1011189718822017 1 1243.4662 124.28547 1
 0.08699753084971541 1.508552627634899 0.1011147508104319 1 1380.4979 159.6136 1
 0.08748324495481988 1.50848440043769 0.1011311180568492 1 1510.6428 188.9299 1
 0.08823609808605196 1.508413398559444 0.1012226629270743 1 1717.6178 233.57838 1
 0.08841326701219634 1.509829998458498 0.1051790703353623 1 1853.166 0.35276178 1
 0.08871601710216705 1.509855945373586 0.1050956854776521 1 1904.1125 30.999178 1
 0.08875122339362677 1.509884204987833 0.1049810067214021 1 1906.1371 51.504017 1
 0.08844799530122753 1.509838212782762 0.1048974093218284 1 1849.6421 29.89652 1
 0.08803530808798349 1.509814496022541 0.1047717565710429 1 1770.0216 10.377534 1
 0.08622830173330209 1.509871904250404 0.1034535294769063 1 1349.5665 35.006325 1
 0.08689183239172464 1.509874194331682 0.1034220966762165 1 1478.5006 85.402626 1
 0.08748645973192166 1.509864602161808 0.1034185998880368 1 1597.5494 127.83501 1
 0.08799851672181183 1.509813561646467 0.1033914394150192 1 1701.7004 161.42819 1
 0.08808673053743946 1.50963719914241 0.1027847701399772 1 1698.1525 216.7646 1
 0.08750539697898502 1.50955588195718 0.1027553743357957 1 1576.7263 159.94322 1
 0.0868455988520322 1.509532402853421 0.1027362862759798 1 1435.9193 106.77288 1
 0.08618615331916317 1.509584443478813 0.1026924028671153 1 1292.1162 71.945076 1
 0.085554822722504 1.509650521273219 0.1026183671619565 1 1154.0707 47.121765 1
 0.08498785323348046 1.509779442590207 0.1025660772999398 1 1033.6323 36.287666 1
 0.08449806357234799 1.509883484353794 0.1025268451687238 1 933.37213 26.262707 1
 0.0840771082885565 1.509916781983446 0.1025073777107179 1 851.83746 7.6764746 1
 0.08381862813275262 1.509960730949242 0.1024831864109749 1 801.79095 3.1260836 1
 0.0838765009774214 1.510002656170992 0.1023750682111933 1 800.9511 24.398075 1
 0.08415967395941817 1.510025661760297 0.1022393923139671 1 839.59973 61.675617 1
 0.08458024390580313 1.509983422719519 0.1020878912597638 1 904.6997699999999 100.60233 1
 0.0851600275751833 1.509926479858388 0.1018911795649652 1 1000.6148 156.65167 1
 0.08577330397713016 1.509795646605476 0.1017665040155697 1 1118.4576 196.71437 1
 0.08654077198122488 1.50976724350341 0.1016153090470352 1 1272.3306 274.70056 1
 0.08730932540975772 1.509721344344031 0.1014609716023825 1 1434.6171 355.38586 1
 0.08798562006007141 1.509730761723004 0.1013450666060239 1 1581.6171 437.02402 1
 0.08852988725825585 1.509771924072236 0.1012422484436031 1 1698.9459 511.82422 1
 0.08811235687176983 1.509764696998874 0.1005343904990211 1 1549.4408 595.59186 1
 0.0875349453469967 1.509783620373315 0.1004576179243632 1 1400.5442 555.68335 1
 0.0868519362250684 1.509777127670101 0.1004395230020955 1 1233.2406 491.45627 1
 0.08616638468630544 1.509758959026396 0.1003693650788093 1 1063.0371 435.66122 1
 0.08554291305585521 1.509774456274141 0.1002473680953127 1 904.23865 401.5807 1
 0.08501340632253111 1.509882955489892 0.1001588351331235 1 774.9848 387.983 1
 0.08448709975407945 1.509928301886923 0.1001432992928758 1 660.6652 353.2209 1
 0.08403087689931112 1.509956311836767 0.100141996033593 1 567.3632 320.6683 1
 0.08374850651088443 1.509932451402883 0.1000587774893443 1 499.57867 306.6766 1
 0.08371008344354094 1.509919046113269 0.09993229992178027 1 474.42847 320.2885 1
 0.08390515629694539 1.509968463181185 0.09980488124321671 1 497.0466 364.18195 1
 0.08424665539160363 1.510029667498096 0.09968132931414285 1 551.16486 423.18622 1
 0.08468734338131263 1.510040194569388 0.09954240973737252 1 625.54236 487.27664 1
 0.0852666747411772 1.510078791000636 0.099374152139681 1 731.5951 577.9799 1
 0.08595625077201782 1.510104485188509 0.09918064577828876 1 866.9727 688.02655 1
 0.0866717484962171 1.510101135102952 0.09903350341414308 1 1023.7063 792.9695400000001 1
 0.08736454404132014 1.510067399572557 0.09891813889055628 1 1187.8651 889.0007000000001 1
 0.08798216048335343 1.510009706557739 0.09884845379120336 1 1345.0957 966.8053 1
 0.0884662049059472 1.509935345466035 0.09881814501728671 1 1475.6056 1018.1107 1
 0.08896762931498516 1.509869749960252 0.0986287785804007 1 1597.308 1111.8861 1
 0.08898569077087304 1.509892961024812 0.09846455815891818 1 1584.347 1157.3588 1
 0.08886050679121195 1.509915709517563 0.09825454005349259 1 1526.8959 1196.037 1
 0.08857788438182351 1.509927853020485 0.09811106301638696 1 1431.4375 1198.0424 1
 0.08815369918818126 1.509931997625278 0.0980607100678763 1 1306.1372 1162.815 1
 0.08760366548264745 1.509912836486237 0.09804881405748064 1 1151.222 1094.6991 1
 0.08699680994375275 1.509932734071376 0.09800671304815281 1 977.9159 1030.5964 1
 0.08635505337166077 1.509969873161008 0.09796431657267091 1 800.5346 966.0321 1
 0.08572169373351707 1.510001934489456 0.09791995781184841 1 632.8462 903.2210700000001 1
 0.08513750781486576 1.510021352968841 0.09784899277565569 1 480.83374 852.74316 1
 0.08461738451403535 1.510025029918278 0.0977589593702622 1 347.65668 809.9603 1
 0.08419362890681578 1.510032185154634 0.09770545353712394 1 246.99834 773.7212500000001 1
 0.08388708739243637 1.510040787125683 0.0976614800126193 1 176.29295 749.7151 1
 0.08369322430222026 1.51002280677579 0.09757248045511036 1 121.472534 742.9001 1
 0.0836850752206782 1.510007767664742 0.09741998668310388 1 94.16006 769.1939 1
 0.08386741642414904 1.51001972452517 0.09723151232800009 1 101.08621 829.05963 1
 0.08416932571522114 1.510026135825712 0.09703205831694343 1 131.71147 906.795 1
 0.08454673005362287 1.510026257663023 0.09683702445883934 1 181.53622 995.7411 1
 0.08503104391587621 1.510056406723702 0.09662164385766897 1 258.73224 1112.4352 1
 0.0860920775553369 1.51181586248073 0.09776000028281939 1 725.19696 1198.0728 1
 0.08551402773423918 1.511835811140569 0.09764401046401766 1 587.3594000000001 1167.2867 1
 0.08495108953948195 1.511921701164352 0.09755731531846921 1 462.19748 1131.6085 1
 0.08444187216355582 1.511974943049492 0.09747239336657629 1 354.30356 1098.0945 1
 0.08403948035037771 1.512081504681384 0.09746131806937118 1 281.96124 1069.0505 1
 0.08377924780648253 1.512189463724745 0.09761196379763235 1 258.96515 1028.011 1
 0.0836359102821502 1.512184121502295 0.09795995274853699 1 278.05432 954.6383 1
 0.08369082445833526 1.512142263283634 0.09833121490748761 1 332.6056 894.054 1
 0.08396457705347284 1.512075508338255 0.09859482007639232 1 411.69962 868.7523 1
 0.08437952366922191 1.51200479226336 0.09876976409544964 1 507.13687 869.8591 1
 0.08493931871978293 1.512047053083395 0.09888434731826565 1 627.8798 908.14435 1
 0.08558814875063844 1.512001306479195 0.09892991618410668 1 760.10443 958.2512 1
 0.08623468123924802 1.511932487357131 0.09901101030070918 1 902.22253 996.9325 1
 0.08691714614509265 1.511934133229557 0.09908701170139085 1 1054.6125 1049.6486 1
 0.08753452333575461 1.511945968078694 0.09918982023945379 1 1197.343 1091.0256 1
 0.08801837309011538 1.512023835522817 0.0993302656604939 1 1312.4741 1119.3081 1
 0.08832071729966007 1.512039981003399 0.09952129155375172 1 1393.4313 1113.3934 1
 0.08846386136209881 1.511949485346689 0.09969644536917685 1 1442.9429 1084.3124 1
 0.08641204507596671 1.511739953037968 0.10050539115559 1 1093.4592 734.0286 1
 0.085848466395696 1.511748099135638 0.1004149248665205 1 972.352 701.44604 1
 0.08527125366756928 1.511751111080424 0.1003256726063298 1 850.3776 667.25635 1
 0.08471073473608669 1.511838970340089 0.1003170626930839 1 743.5465 633.90125 1
 0.08421999471709478 1.511927060523648 0.1003819199006571 1 661.9198 595.50323 1
 0.08380440182787591 1.511961436993726 0.1005464082081056 1 607.1161 545.229 1
 0.08352129606543285 1.51198664405138 0.1007744770592281 1 583.8213 496.49106 1
 0.08348976738070234 1.512027256593041 0.101005919270001 1 603.9086 468.9964 1
 0.08363736242803541 1.512071950769425 0.1012567111095377 1 655.1874 452.6486 1
 0.08390080202891945 1.511940022084445 0.1015007954474215 1 723.2897 422.31558 1
 0.08429702444496318 1.511798438354415 0.1017294217241407 1 813.38324 401.6808 1
 0.08487283294953463 1.511710665515676 0.1018455826399754 1 926.46924 415.23944 1
 0.08555544942634477 1.511761830508257 0.1019325680216457 1 1057.789 460.14746 1
 0.08623763685315726 1.511840870543692 0.1020374504758185 1 1191.2208 507.04858 1
 0.08689680992055134 1.511871635581271 0.1021011102059392 1 1318.6141 551.8071 1
 0.08748876793899185 1.511883906381684 0.1021473887570545 1 1433.1031 592.05426 1
 0.08795809196496626 1.511867670636256 0.1022428959940296 1 1528.7877 612.43744 1
 0.08821654725835837 1.511872339829502 0.1024580720090203 1 1590.5569 601.00494 1
 0.08810405199365684 1.511727907051778 0.1029415751330925 1 1603.5609 508.74207 1
 0.08785902659202621 1.511681856093126 0.1030912820067832 1 1569.1559 464.91666 1
 0.08746627675906743 1.511645438405976 0.1032129413323248 1 1505.9642 415.95016 1
 0.08696495147754961 1.511613352852652 0.1032872415654676 1 1420.9689 366.944 1
 0.08638996903168028 1.511586084134046 0.1033077319101243 1 1319.9957 321.02673 1
 0.08577926302746222 1.511601324605726 0.1033021663231462 1 1210.9574 282.81137 1
 0.08519449260790907 1.51162564269378 0.1032122984108892 1 1101.5575 258.16992 1
 0.08463328415332357 1.51159693856857 0.1030769944280433 1 994.6994999999999 233.91731 1
 0.08414683769468924 1.511654447114063 0.1029812502156561 1 904.1356 222.26619 1
 0.08372539135236139 1.511763552480031 0.1029990248811335 1 836.15314 209.59433 1
 0.0834407506064937 1.511883620394827 0.1031192283940812 1 801.0328 196.08755 1
 0.0833032897236194 1.511979457274255 0.1033751317258891 1 802.6503 174.10605 1
 0.08324427415493245 1.511981130481266 0.1037618045008229 1 826.8975 132.05025 1
 0.08337913447934482 1.51198574588257 0.1040717899721772 1 873.3277 109.66842 1
 0.08368752600858601 1.512003160329251 0.1042910335696113 1 937.9894399999999 107.41826 1
 0.08419989155358085 1.511998888093034 0.1043802305626847 1 1023.93915 126.23993 1
 0.08483302838080667 1.512007610112181 0.1044464658249348 1 1128.1362 156.7654 1
 0.08550673153986493 1.511966986615848 0.104532880488184 1 1243.0029 181.6926 1
 0.08623889036749385 1.511914264573728 0.1046107508687945 1 1368.5059 210.75668 1
 0.08692969679605077 1.511930058506033 0.1047661717905206 1 1490.3735 239.00319 1
 0.08760183548969767 1.5120418057696 0.1049037694737206 1 1603.3842 280.9514 1
 0.088139468185613 1.512085153913211 0.1050735743644805 1 1696.5541 302.3237 1
 0.08850924848844359 1.512045834641673 0.1052572443612083 1 1765.0133 301.84534 1
 0.08869656493627975 1.512030746547659 0.1054903845421765 1 1804.1547 287.64697 1
 0.08860262452153364 1.511993832133421 0.1057928265734473 1 1801.6697 246.3501 1
 0.08829618686146558 1.511914091821203 0.1060141133222802 1 1765.1152 195.89775 1
 0.08784521723972639 1.511780348571911 0.1060929947879222 1 1703.2867 144.44841 1
 0.08726280331100875 1.511658518697408 0.106090684000026 1 1616.784 94.73638 1
 0.08664150527165122 1.511620696525603 0.1060191325319749 1 1517.3367 60.42816 1
 0.08599889742879654 1.511617375925961 0.1059152204895831 1 1411.639 33.325462 1
 0.08529709979551059 1.511658574630632 0.1058956072488741 1 1300.9852 3.0683177 1
 0.08744805433468074 1.512850995801547 0.1077793129240325 1 1668.0958 103.665764 1
 0.08670175344492746 1.512876721472176 0.1076392591629474 1 1559.2189 79.593475 1
 0.085919076877964 1.512923098583302 0.1074749419762735 1 1443.3054 58.778717 1
 0.08514463551100197 1.512961603870405 0.1072720881388661 1 1327.3812 39.578636 1
 0.08449044747360693 1.512969094902922 0.1070152719350311 1 1223.9647 30.656914 1
 0.0839293584916095 1.513099873184315 0.106842377095478 1 1136.3982 33.02734 1
 0.08347798152059388 1.513163983541296 0.106748894853715 1 1069.9735 26.987644 1
 0.08351443352971269 1.51344592632093 0.1063676259602207 1 1048.4365 90.91628 1
 0.08394845782552582 1.513456443547359 0.1061992282273429 1 1096.027 126.72696 1
 0.08446053381821192 1.513545034887531 0.1061015048021758 1 1158.6274 170.03969 1
 0.08508378298009947 1.513532703110515 0.1060317421367081 1 1240.9148 206.32971 1
 0.0857716089380795 1.513460783419026 0.1060276165497943 1 1338.8398 234.47893 1
 0.08653071227192362 1.513358377522202 0.1060199721768082 1 1449.5636 264.68787 1
 0.08881655302016679 1.513215713614249 0.105917836426484 1 1783.5032 389.35175 1
 0.08914787740321832 1.513285880126076 0.1057833750773636 1 1824.2335 430.35965 1
 0.08925238483419623 1.513295952700372 0.1056211261790567 1 1833.8643 454.18997 1
 0.08909629282300612 1.513255605424834 0.1054840590394175 1 1807.8246 455.32538 1
 0.08871602325204511 1.513268135107974 0.1053754098223379 1 1746.8809 444.8303 1
 0.08813674823131108 1.513259212908668 0.105285687859843 1 1656.2292 419.01047 1
 0.08744066277004731 1.513240083103791 0.1051925854813961 1 1547.7238 384.6722 1
 0.08670989278994272 1.513191177621347 0.1050712450483568 1 1432.4956 348.33536 1
 0.08594206187229417 1.513165603467578 0.1049778054453959 1 1312.0076 310.23233 1
 0.08522676690157859 1.513178300135861 0.1048365632939499 1 1195.8972 285.6183 1
 0.08458315646933917 1.513210757447115 0.1047073653792554 1 1091.6776 265.85593 1
 0.08409033427918627 1.513235911379744 0.1045352233250245 1 1007.5257 258.49075 1
 0.08372627380356602 1.513236177779645 0.1043745983030047 1 943.2273 254.33725 1
 0.08346114268855089 1.51331401872212 0.1042712875660404 1 897.2284 259.18137 1
 0.08337532498956478 1.513388490876663 0.104108667665681 1 872.47534 279.13858 1
 0.08351826748129366 1.513466559174343 0.1039583302415223 1 881.1786 310.76956 1
 0.08388279015347655 1.513495437755718 0.1038301515590997 1 924.01984 347.37997 1
 0.08436671133499273 1.513388309866391 0.1038123704685175 1 994.6310999999999 364.64832 1
 0.08499506501533273 1.513329390742183 0.1038270304629232 1 1090.8779 393.54028 1
 0.08570029830267564 1.513260370008308 0.1038385623135993 1 1201.7734 426.66812 1
 0.08644104807917002 1.513311659609898 0.1038098826195156 1 1315.269 481.91418 1
 0.08716047234743379 1.513326694712875 0.1037276670451019 1 1424.4248 538.9518399999999 1
 0.08786220783228757 1.513274945725605 0.1035596578282408 1 1530.1555 599.20026 1
 0.08843098643962198 1.513273269370918 0.1034764560802943 1 1618.5592 647.20764 1
 0.0888329725220315 1.513298721008393 0.1034112992927982 1 1679.7662 685.29065 1
 0.08902611638286381 1.513396752138412 0.1033259337933472 1 1702.7454 719.7533 1
 0.08899058874145528 1.513392979301585 0.1031720427973299 1 1690.2395 735.1529 1
 0.08873968582285698 1.513319668210944 0.1030167357416422 1 1644.1068 732.2811 1
 0.08831450427683099 1.513212847877924 0.1028424383717522 1 1568.4409 714.4863 1
 0.08776684655959412 1.513097427246236 0.1026716344910266 1 1470.1941 686.1963500000001 1
 0.08712936004455353 1.51308034153396 0.1025386209680448 1 1353.316 656.90796 1
 0.08642590774108315 1.513068154510215 0.1024693715917234 1 1229.1271 615.3839 1
 0.08571173039360785 1.513139979707093 0.1024232870832927 1 1104.435 580.26196 1
 0.08501154978926928 1.51323405724451 0.1024162486884419 1 988.1469 545.5361 1
 0.08444465910972287 1.513306538863715 0.1022772491651885 1 885.8029 532.50287 1
 0.08398478895346742 1.513391751509821 0.1021755449020084 1 805.3460700000001 524.4785000000001 1
 0.08364587472397357 1.513432245023783 0.1020901392048696 1 746.14136 517.32526 1
 0.08347125807980769 1.513463624282536 0.1019216998704475 1 704.922 529.4515 1
 0.08339293665517732 1.513496429609702 0.1017800658411919 1 680.6452 544.79504 1
 0.08350076951065911 1.513522331717117 0.1016092642841321 1 681.6374499999999 575.2899 1
 0.08380234466247927 1.513490342215022 0.1015212818205832 1 719.5359999999999 602.8203 1
 0.08489613936638692 1.513381738650463 0.1013579786573285 1 879.59216 687.27094 1
 0.08558243404661463 1.513298043314305 0.1013113779795537 1 990.9067 735.072 1
 0.08628304406064081 1.513262665878459 0.1012681861909335 1 1108.7084 789.4647 1
 0.08695692339042337 1.51315625415568 0.1011656196647781 1 1222.1903 844.32947 1
 0.08758201529236539 1.51311282702972 0.101043194272413 1 1327.466 906.66156 1
 0.0881336853301639 1.513157299889217 0.1009209274171217 1 1418.1895 973.3939 1
 0.0885738502645019 1.513234504886939 0.1007793358793779 1 1486.1025 1037.8995 1
 0.08887483445736469 1.513231092944761 0.1005910228716527 1 1529.067 1091.6654 1
 0.08754346137790459 1.512983101461497 0.09991819897721756 1 1234.8755 1069.7146 1
 0.08686200291893377 1.512994663643185 0.09978999910391755 1 1092.4819 1033.6909 1
 0.08612167170098615 1.51308847303594 0.09981601505050869 1 954.36194 975.7128 1
 0.08542159222862837 1.513143367156884 0.09975553095491371 1 820.73535 931.67816 1
 0.08477992793533673 1.513176671637601 0.09978936654677614 1 711.02734 876.77966 1
 0.0842138432048003 1.513187472032832 0.09977529037317164 1 613.41205 834.0682399999999 1
 0.08375561234024421 1.513327825278684 0.09970981905933336 1 533.63116 821.99976 1
 0.08341360004868982 1.513392398378415 0.09951911339248004 1 460.4102 828.7716 1
 0.083204609280636 1.513459500841737 0.09932482225087713 1 408.95114 846.50977 1
 0.08320441085282393 1.513485879394442 0.09912058242548041 1 388.01334 878.01605 1
 0.08343980036451303 1.513430454498553 0.09908509784532606 1 419.5934 896.5386999999999 1
 0.08384472041218971 1.513403993989631 0.09905872432343311 1 481.2712 931.237 1
 0.0843701335972588 1.513342430542813 0.09899060273058362 1 560.24695 979.9153 1
 0.08504154724070452 1.513374008777768 0.0989501764520949 1 672.8926 1047.573 1
 0.08577796633254814 1.513323097440244 0.09884056788434031 1 794.11487 1126.0394 1
 0.08386004542211445 1.513579887350223 0.09755489466476128 1 323.97366 1179.6823 1
 0.08353827939382512 1.513578432127413 0.09744659307444577 1 259.34296 1166.2336 1
 0.08334463379948931 1.513638163000099 0.09726644741947647 1 210.73038 1181.1678 1
 0.0844320781148155 1.514488178361986 0.09824204076716653 1 517.3547 1196.5154 1
 0.08396063630932801 1.51451310929192 0.09830729685946375 1 449.8248 1152.2214 1
 0.08357447446210534 1.514527162414201 0.09844196827125677 1 404.431 1101.4962 1
 0.08334290633272842 1.514534950148256 0.09853822245469895 1 379.4858 1069.4261 1
 0.08331662595548542 1.514533095891354 0.0986667432608692 1 388.39697 1049.2228 1
 0.08347643651389024 1.5143966057117 0.09887140011987855 1 429.2123 1021.6703 1
 0.08379058244496111 1.514386883055874 0.09910208683356268 1 499.9081 1013.6971 1
 0.08428795238402804 1.514410956443383 0.09917373167865345 1 584.94073 1045.6025 1
 0.08486193057469449 1.51443494823161 0.09930856282843177 1 689.9734999999999 1074.5851 1
 0.08549156535791951 1.514415471741701 0.09945567072364909 1 806.7924 1102.1285 1
 0.08616724598270911 1.514379628667673 0.09954850821177851 1 928.89996 1139.8895 1
 0.08689281660407687 1.514347274458414 0.09953279147707755 1 1052.6675 1195.691 1
 0.08868228449483606 1.51421201247634 0.1004583046265963 1 1442.0325 1183.3857 1
 0.08820833840969439 1.514265951783814 0.1005351123760843 1 1363.0021 1140.3529 1
 0.087593907370493 1.514278720471373 0.1005903995317283 1 1260.6427 1086.6729 1
 0.08688156014269993 1.514250098831141 0.1006368936061533 1 1143.2537 1023.3054 1
 0.08610780921472327 1.514353713382533 0.1007004405511094 1 1017.1647 965.3842 1
 0.08536384114433337 1.514385543602124 0.1007795329149503 1 902.47437 902.34595 1
 0.08469974839185831 1.514406938396888 0.1008744914184487 1 805.66797 843.6271 1
 0.08415008139019547 1.514435972349942 0.1009375583352129 1 727.0202 799.3076 1
 0.08370455986198345 1.514452842778358 0.101080319211786 1 673.2358 752.354 1
 0.08339874483403945 1.514461941991295 0.1012590662581386 1 644.3376 710.66003 1
 0.08326033078785366 1.514434165288367 0.1014917026553335 1 644.54205 670.7559 1
 0.0833368267405929 1.514428020581423 0.1016653722142998 1 670.4871000000001 654.71375 1
 0.08361599653105717 1.514416628635871 0.1017532260949574 1 718.20825 661.2918 1
 0.08401785062231519 1.514335675330892 0.1018641488846594 1 786.1319999999999 665.51984 1
 0.08457117707071476 1.514316934553266 0.1019209722352507 1 873.6354 692.7455 1
 0.08526822080229993 1.51422454479672 0.1018516635879889 1 975.7624 739.72595 1
 0.08596180469929064 1.514214853090708 0.1019033515595196 1 1089.3776 779.6574000000001 1
 0.08663159964120067 1.51429497568949 0.1020201896332839 1 1203.7233 818.60724 1
 0.08872822560749931 1.514196447116527 0.1023178442227966 1 1565.6418 913.876 1
 0.0889223482860725 1.514188921772904 0.1024743081781481 1 1606.0566 904.3431 1
 0.08891608010535763 1.514168205099863 0.1026633113617733 1 1615.8021 876.6703 1
 0.08870018581330961 1.514183412981269 0.102832681499128 1 1589.6183 841.02966 1
 0.08835061350810659 1.51417281171709 0.1029015973261487 1 1538.0808 808.0892 1
 0.08785791401917292 1.514197449070945 0.1029489677272045 1 1461.7534 771.8603000000001 1
 0.0872403044246782 1.514176297591335 0.1029748139303479 1 1366.364 725.8748000000001 1
 0.08652270250272262 1.514206727975109 0.1030094118909162 1 1255.3944 677.9487 1
 0.08507444186504842 1.514338611068448 0.1029817998225241 1 1030.6396 602.26904 1
 0.08442359303094145 1.514358501608814 0.1030383445479096 1 938.59186 558.2916 1
 0.08390134291028982 1.514384504666492 0.1030841466505283 1 867.0090300000001 524.60565 1
 0.08351424574426466 1.514398953310331 0.103179113626547 1 819.71484 493.19495 1
 0.08326495205745234 1.51439207789638 0.1033685399654682 1 799.79065 458.36877 1
 0.0832236689020667 1.514339328018291 0.1036031926045481 1 812.0098 426.6034 1
 0.0837499491333592 1.514334578945341 0.1038970011375351 1 906.6525 425.61462 1
 0.0842044291745148 1.514314295637568 0.1040160175213749 1 978.66394 436.81665 1
 0.08475017297250181 1.514308476520842 0.1041394662691019 1 1064.5021 454.47098 1
 0.08540493110345314 1.514209879343484 0.1041790612897393 1 1162.7356 478.08636 1
 0.0861042645199286 1.514180386684351 0.1042531936805277 1 1270.5782 507.47348 1
 0.08682512939597557 1.514202148223025 0.1043240651400556 1 1380.8569 545.1163299999999 1
 0.08749827358201051 1.514196055026072 0.1043842431593362 1 1484.4559 578.3013999999999 1
 0.08806455587507035 1.514169032580296 0.1044980216610722 1 1575.346 597.1393 1
 0.0885239828402667 1.51414590583582 0.1046407616333076 1 1651.0236 606.60675 1
 0.08885222990652555 1.514127611583834 0.1048159435832821 1 1707.7318 605.0077 1
 0.08895109608341889 1.514116924817731 0.1050766486822244 1 1733.0817 581.1277 1
 0.0887621463640761 1.514098157496046 0.1053041448660208 1 1715.173 543.6144399999999 1
 0.08837880097811178 1.514126421642712 0.1054164511602472 1 1663.264 512.1592000000001 1
 0.08782729482125042 1.514149082788044 0.1054939147444898 1 1586.673 474.54553 1
 0.08718500239281826 1.514177807465428 0.1055353360593198 1 1496.0446 436.8417 1
 0.08652070824192151 1.514209032603268 0.1055480304531221 1 1401.626 401.6597 1
 0.08590082944649841 1.514238546793629 0.1055234183210898 1 1312.6384 373.19998 1
 0.08533670320114868 1.514265283536024 0.1055139866376425 1 1233.1761 346.48102 1
 0.08485518498778498 1.514285932708565 0.1055432570744765 1 1168.5099 320.63425 1
 0.08448065396874355 1.514226651031843 0.1056000875011564 1 1121.8185 289.82523 1
 0.0841809137589726 1.514171686053256 0.1056750518316384 1 1086.7249 261.94775 1
 0.0838679135821932 1.514197395019381 0.1058749997133199 1 1057.2815 231.63918 1
 0.0836183946326457 1.514233030084754 0.1061160726910141 1 1039.3007 202.8384 1
 0.08358837996861025 1.514294362511832 0.1063703688662701 1 1050.5103 186.67776 1
 0.08396746528381069 1.514242169708062 0.1064157589178704 1 1102.6603 195.35352 1
 0.08451694439531918 1.514196969654128 0.1064722278907654 1 1178.3392 212.29402 1
 0.08513202835674497 1.514148881281275 0.1066154141212614 1 1268.3411 225.22954 1
 0.08586763814795362 1.514015834108537 0.1066989805335515 1 1373.834 240.7113 1
 0.08660917897918465 1.513969836958855 0.1068370719130206 1 1481.7424 262.01706 1
 0.08724964064307124 1.514029327540767 0.1070878218035785 1 1577.0573 279.63223 1
 0.08782905017506529 1.514082374524624 0.107274846792497 1 1660.0287 299.0047 1
 0.08833569454668654 1.51403808625142 0.1073736666568165 1 1732.5262 312.33044 1
 0.0886499775613432 1.514060258214881 0.107531091374646 1 1778.3704 317.24698 1
 0.08876561392916989 1.51405292072658 0.1076637112816639 1 1797.8998 310.9654 1
 0.08851105093970353 1.509054112169774 0.1006506441154894 1 1704.7435 490.2214 1
 0.08853784999942364 1.509086932517345 0.09966519985360089 1 1633.7167 697.3934 1
 0.08853969838099356 1.509102345966104 0.09872669256881832 1 1544.8887 919.4219399999999 1
 0.08853049667161025 1.50911471161391 0.09785754591191055 1 1442.0062 1151.7878 1
 0.08831064348767814 1.510355262734438 0.09877263609749193 1 1404.6262 1068.6704 1
 0.08816746111876286 1.510259258178664 0.09986713022675324 1 1478.4043 807.7818600000001 1
 0.0880631330907392 1.510132183880266 0.1009714845816743 1 1549.9803 573.2586700000001 1
 0.08797698415153814 1.510042751343626 0.1021037318667048 1 1613.0798 370.39996 1
 0.08789758102238554 1.510112210384879 0.1032495155296972 1 1659.0568 219.36302 1
 0.08793702779767569 1.510690755063137 0.1049453355157898 1 1718.979 114.57468 1
 0.08799684455851942 1.510658269927402 0.1040403965841839 1 1690.7809 214.4808 1
 0.08804471365140323 1.51062215556427 0.103094118016166 1 1654.3589 329.0346 1
 0.0880829905498287 1.510570649915385 0.1021419509252734 1 1610.0017 456.6031 1
 0.0881262590164265 1.51054932021448 0.10121060129376 1 1558.7515 602.97833 1
 0.08816303321639123 1.51057146655474 0.1003015672902037 1 1496.8851 769.59406 1
 0.08818737565778181 1.510625901642565 0.09941938845063844 1 1422.6656 953.1750500000001 1
 0.08818479652493522 1.51067223960149 0.09857985046132012 1 1336.1733 1138.3123 1
 0.08780326660703067 1.511492865319054 0.09968843336059062 1 1318.9746 972.24695 1
 0.08768513428464186 1.511404551013277 0.1008516476194288 1 1396.0679 744.48505 1
 0.08755873462798681 1.511320677504504 0.1019585772463603 1 1456.1897 549.54785 1
 0.08746408573598997 1.511325354674576 0.1030355961932193 1 1507.7441 394.69327 1
 0.0874079333351061 1.511366577067404 0.104058866601533 1 1554.5323 272.20184 1
 0.0873904084693726 1.511375472754283 0.1050195100853536 1 1599.6405 168.25385 1
 0.08738854473584326 1.511377468602704 0.1059292033301619 1 1640.4452 81.461845 1
 0.08742741311182176 1.511419876762078 0.1067694773462777 1 1678.1166 14.515452 1
 0.08742388447037662 1.512655885794638 0.1075174889599952 1 1662.051 101.49665 1
 0.08751664012552555 1.512703999710544 0.1068470986574879 1 1648.6309 169.04288 1
 0.08761449568514952 1.512725793571089 0.1061243296081411 1 1633.3258 243.15172 1
 0.08770447140514732 1.512733114296087 0.1053569902390919 1 1613.975 325.0615 1
 0.08778884798114862 1.512729985207138 0.1045600485949469 1 1590.53 414.6909 1
 0.08783651633385875 1.512674105878871 0.1037536447791501 1 1559.8688 504.7468 1
 0.08786520323106958 1.512685397235554 0.1029431060908939 1 1519.372 610.1784 1
 0.08792176738937241 1.512689580237275 0.1020634992999136 1 1475.6624 735.2536 1
 0.08796037698067827 1.512660644719062 0.1011708352638003 1 1423.5598 868.59924 1
 0.08799684076452359 1.512674860098774 0.1002369423956495 1 1359.7354 1024.0502 1
 0.08802126753983366 1.512700961567674 0.09927490182111222 1 1283.4192 1194.0876 1
 0.08796540466315 1.513744318768529 0.1024341328418586 1 1465.0192 800.95593 1
 0.08792866270076934 1.513753813389421 0.1034305277861091 1 1515.7546 671.2533 1
 0.08788602285289222 1.513763450148314 0.1044023024638769 1 1558.7485 555.8953 1
 0.08782452427307531 1.513829225982889 0.105374135428959 1 1592.3022 453.19556 1
 0.08775329909018383 1.513859079368887 0.1062654099751779 1 1618.8042 363.71365 1
 0.08768311094162654 1.513901076882693 0.1070528467065977 1 1638.443 291.99527 1
 0.08760461457918256 1.513923603058587 0.1077454525828829 1 1652.565 230.64656 1
 0.08671655767734274 1.508423502224299 0.10021275569127 1 1218.7457 255.29909 1
 0.08678748855692392 1.508421043765153 0.09929056695708416 1 1125.4828 440.47766 1
 0.08680520720265228 1.508393688683635 0.09835238332341653 1 997.01825 650.70123 1
 0.08680827460423014 1.508390879738035 0.09745827800248338 1 847.8824 885.84326 1
 0.08680637718019867 1.50836771956079 0.09651754945448751 1 667.50195 1161.0751 1
 0.08653306946723927 1.509148728344881 0.09681757688104932 1 654.61017 1153.4333 1
 0.08648703581350248 1.509081394327624 0.09799281036376019 1 838.816 830.5317 1
 0.08643181638533913 1.509022568773704 0.09915541677130615 1 993.6745 552.0226 1
 0.08637640524583975 1.508985086488955 0.1003008522219155 1 1123.6697 322.30093 1
 0.08619264245948463 1.50999172276791 0.1036575625234436 1 1353.4022 29.712933 1
 0.08623921084692826 1.509991419018948 0.1026618321474801 1 1288.8307 148.71936 1
 0.08630195362285131 1.50996012157085 0.1016168708459434 1 1214.5498 286.77057 1
 0.08634971121796248 1.509915670047193 0.1006079674228159 1 1127.8921 439.9107 1
 0.08640231427356689 1.509915769092525 0.09961067197172783 1 1029.3015 620.8913 1
 0.08646356097500031 1.509936708292115 0.09861288859752786 1 918.6423 831.3 1
 0.0865254458292944 1.509990999890489 0.0976463394994125 1 798.7556 1063.5955 1
 0.08655656731915859 1.510951837255349 0.09858552184593428 1 930.07965 992.13806 1
 0.08658316288553503 1.510912937513884 0.0998741541647019 1 1083.8655 745.2319 1
 0.08659858356695523 1.510919318397719 0.1011981063058637 1 1213.9995 527.4374 1
 0.08656714367861176 1.510899533512701 0.1024623643514205 1 1312.1409 341.69302 1
 0.08651370343799845 1.51085379990391 0.1036221726238553 1 1385.2603 188.27528 1
 0.0864507958721082 1.510775690951291 0.1046933560219882 1 1442.6018 58.369007 1
 0.08607144746050706 1.511716827786199 0.1065023049252439 1 1450.0317 1.9316077 1
 0.0862155454077036 1.511772010887835 0.1054130094681782 1 1414.467 111.41841 1
 0.08633622476464239 1.511773161094341 0.1042413241544048 1 1366.2128 237.01439 1
 0.08641159602368216 1.51183545066497 0.1031224742814963 1 1304.0388 378.7403 1
 0.08648207459505604 1.511886859878014 0.1020048017521333 1 1232.9781 535.9324 1
 0.08651990764387125 1.511883320681042 0.100887112131898 1 1146.9431 701.9193 1
 0.08651146334405166 1.511842111917578 0.09975976505094855 1 1039.3138 880.5151 1
 0.08646805160480846 1.511815838113813 0.09860093908469175 1 906.165 1082.9552 1
 0.08647608286020517 1.512526069017781 0.09891428714657285 1 937.3989 1101.2987 1
 0.08649629361302014 1.512503088946744 0.1002964843368046 1 1076.9259 868.0414 1
 0.08650008696312939 1.51246438551012 0.1016240936438141 1 1192.133 663.68414 1
 0.08649692955718342 1.512452650285608 0.102901811721631 1 1287.0935 491.57135 1
 0.08649765765706145 1.51244603392993 0.1041268736857976 1 1367.0854 346.40503 1
 0.0864442982873905 1.512435609951458 0.1053193845090967 1 1426.7404 217.97131 1
 0.08634385490156729 1.512405814615717 0.1064014643882825 1 1467.3103 108.653755 1
 0.08622634231589119 1.512381302232292 0.1073424816911962 1 1494.1954 21.495731 1
 0.08577049942469621 1.513004621291019 0.1078779812934701 1 1439.4742 29.855492 1
 0.08587272516203924 1.513016876422252 0.1070781457998076 1 1416.2507 98.672066 1
 0.08595601262859089 1.512997726737218 0.1061105230711421 1 1380.4595 183.89684 1
 0.08604419000238987 1.512996491078833 0.1049918189809408 1 1332.2953 294.90854 1
 0.08612899983801565 1.51302427258938 0.103750657390526 1 1268.7706 435.5078 1
 0.08618670128561878 1.513086262262052 0.1024963322743127 1 1189.9895 597.1766 1
 0.08622895241204077 1.51313086218674 0.1012620872178727 1 1100.8817 771.9862000000001 1
 0.08626514788859918 1.513164355968224 0.1000429787807972 1 1001.0616 959.9811999999999 1
 0.08629886397186516 1.513200803765231 0.09884984308705204 1 892.207 1160.7539 1
 0.0861320294458881 1.514311797403002 0.09944786519783144 1 913.9777 1146.8531 1
 0.08614778000503799 1.514253582740881 0.1006912313879453 1 1024.1378 959.4694 1
 0.0861418376657503 1.514124897175709 0.1019277740101651 1 1121.4213 779.70276 1
 0.08607322769368574 1.514090266531591 0.1031888425719411 1 1200.041 615.6028 1
 0.08597935047316511 1.514117245707589 0.1043828291542868 1 1261.2109 479.63657 1
 0.08585709927957876 1.514122867861031 0.1055012037752451 1 1307.7335 360.68274 1
 0.08575050375723578 1.51409068840067 0.1064694418228477 1 1344.9027 262.70145 1
 0.08564354325861694 1.514096905395112 0.1073100183441061 1 1371.6346 186.95647 1
 0.08441297987885293 1.508453189036351 0.09995615437145158 1 595.4290999999999 92.90763 1
 0.08446577814098205 1.50851485570081 0.09895998740912161 1 450.12842 279.30923 1
 0.08449401389393593 1.508553491779729 0.09793383068875806 1 275.63055 493.01773 1
 0.08453932524148799 1.508691914181681 0.09691785913790031 1 98.47508000000001 754.93195 1
 0.08466821726406153 1.509809303164921 0.09630220513455781 1 101.511345 1100.7773 1
 0.08475862458374471 1.509737080383255 0.09760685936521861 1 341.6025 811.8376500000001 1
 0.08487480313254656 1.509770452218954 0.09894559419632866 1 578.1205 564.7541 1
 0.08499642854704431 1.509769154455469 0.1002890369640988 1 787.02466 345.5841 1
 0.08517747012231058 1.509753225457531 0.1029213449535982 1 1103.2585 5.281697 1
 0.08485478714092545 1.510514995167782 0.1035729496650392 1 1087.2795 35.622433 1
 0.0849303915127623 1.510495923819742 0.102428532674599 1 1001.25995 166.47449 1
 0.08498040462232424 1.510490627627553 0.1012530581157445 1 893.8803 322.51718 1
 0.08500445237177587 1.51047828533276 0.1000661172002047 1 764.45074 500.92575 1
 0.08502805640845387 1.510502708897668 0.09884138353910266 1 612.7397 718.0941 1
 0.08503070396117396 1.510519895074157 0.09759451258417282 1 435.305 963.9995 1
 0.08470874699861351 1.511348743519404 0.09898266179489801 1 581.296 781.9877300000001 1
 0.08471270152509572 1.51135924852626 0.1002976848739091 1 738.2239 571.45154 1
 0.08469828708210289 1.511351162241965 0.1016067611144083 1 873.15955 383.6175 1
 0.08467236970671023 1.511306771184398 0.1028589446760324 1 985.2986 220.49614 1
 0.08462423797161517 1.511245860114347 0.1040455959360849 1 1075.2571 80.86823 1
 0.08453574694265079 1.512468342034403 0.1060666723268951 1 1183.0028 50.791706 1
 0.08467179930654602 1.512513608562422 0.1049963023380256 1 1133.7533 158.77666 1
 0.0847434346100313 1.512527104068636 0.1038821930463837 1 1066.2052 275.6298 1
 0.08480274397981956 1.512482474040423 0.1026995838261598 1 983.64655 405.9939 1
 0.08483944575627385 1.512429519120866 0.1014843873131284 1 883.7694 554.65344 1
 0.08488224754753448 1.512432147476259 0.100233149061033 1 769.2292 735.01874 1
 0.08490701641359114 1.512424262090566 0.0989474469745477 1 634.57855 937.52234 1
 0.08489118426669366 1.512403672273291 0.09767509305337702 1 480.59247 1152.9333 1
 0.08454761306156121 1.513074430232231 0.09822830219334168 1 500.89185 1090.1185 1
 0.08457163588071839 1.51300696393209 0.09960594455615085 1 653.97064 868.66846 1
 0.08455820904717112 1.512952845344333 0.1009890346064478 1 789.2607 664.10205 1
 0.08452490017637714 1.512863355733079 0.1022731040027173 1 899.5017 485.74124 1
 0.08447728072588678 1.512825117771987 0.1035049463023143 1 992.9189 336.97125 1
 0.08440377739928803 1.51281684743784 0.1047182418155591 1 1070.777 207.95683 1
 0.08432185590778606 1.512743911053517 0.1058100909025945 1 1132.4348 95.25266000000001 1
 0.08423944255882067 1.51273384644288 0.1067554519520692 1 1178.447 11.718693 1
 0.08421135614872938 1.514124163759425 0.1076788660705002 1 1205.5187 93.83783 1
 0.08431359276535577 1.514178386458034 0.1069068949973204 1 1176.2367 164.56442 1
 0.08441838130609382 1.514211323239993 0.1060047558396355 1 1138.2925 248.16678 1
 0.08451215669771842 1.514241607144635 0.1050120647496763 1 1089.2698 347.57703 1
 0.08459182276135913 1.514284721723685 0.1039395981187237 1 1028.4781 463.5378 1
 0.08465317295802394 1.514256742673839 0.102805978837106 1 955.272 588.2089 1
 0.08467667198870273 1.514235309608434 0.1016311624258313 1 865.84155 728.1301 1
 0.08466601715372676 1.51428317915629 0.1004233746246704 1 759.56335 890.9459000000001 1
 0.08461252305476046 1.514300652674017 0.09919082623532022 1 636.32263 1060.0187 1
 0.08520044759240725 1.511740450265875 0.09920880122512654 1 712.7355 840.4961 1
 0.08538722402339925 1.511912994179409 0.1001722315377914 1 856.1896400000001 721.9497699999999 1
 0.08555342245575012 1.511886606726614 0.1011296549728401 1 982.8922 587.97815 1
 0.08579996784683491 1.512019193215714 0.1017837153271779 1 1085.6611 532.5758 1
 0.08603318373117377 1.512070905692733 0.1021433942607035 1 1157.0507 508.11145 1
 0.08620336685393748 1.511968354107303 0.1030831762025511 1 1261.0045 386.95145 1
 0.0862203206116661 1.511916396213575 0.1035332487328262 1 1296.5952 327.74152 1
 0.08624593494265299 1.511946083066187 0.1040476909290798 1 1334.0553 275.27863 1
 0.08619513351343634 1.511871405547464 0.1045939168922282 1 1361.425 204.22675 1
 0.08600902713924614 1.511420630386012 0.1051366456561395 1 1375.1516 78.83581 1
 0.08680543258996866 1.510595903141551 0.1043283071306604 1 1490.233 91.96259999999999 1
 0.08635210365574086 1.511121658939181 0.10437768944979 1 1395.9282 133.85876 1
 0.08579103786603597 1.511536360316493 0.1046775455678361 1 1308.3799 126.434265 1
 0.08521750268587971 1.511815608033083 0.1052182970262779 1 1243.9015 78.95779400000001 1
 0.0847706522371198 1.511996215564677 0.1060398936041166 1 1223.448 6.268959 1
 0.0856494368572143 1.511979186125745 0.1065085201348938 1 1380.8822 9.848868 1
 0.08514747864611043 1.512280285593199 0.1062234394018973 1 1284.555 45.661133 1
 0.08458820324135816 1.512682359701389 0.106376055594071 1 1205.5864 53.559658 1
 0.08409868560617882 1.513126960463897 0.1069861712418984 1 1167.1432 32.905994 1
 0.08642078392395847 1.512295096223572 0.1072137209800516 1 1518.8544 31.616098 1
 0.08709099692731405 1.512025816706617 0.1065100814617211 1 1595.5493 93.77114 1
 0.08758839128773106 1.511589935287411 0.1058763903759723 1 1662.0288 124.778595 1
 0.08702548125358502 1.509503118943667 0.1028725308128807 1 1484.3452 98.50454999999999 1
 0.08763056126048994 1.509027097734522 0.1020378499848512 1 1584.7986 172.54791 1
 0.08647778319326437 1.509812877928253 0.1034310127630583 1 1398.8407 45.332542 1
 0.08608719635407282 1.510101658412789 0.103217647459591 1 1298.1355 89.50973999999999 1
 0.08568461306216085 1.509950359570922 0.1036055321323281 1 1254.1178 0.31324202 1
 0.08501886769461386 1.509929201097144 0.102910788097137 1 1068.9445 24.123522 1
 0.08485218543485958 1.510677227000017 0.102860123766972 1 1023.74915 138.15057 1
 0.08465484590649576 1.511569477679825 0.1032653242969192 1 1014.15063 210.17462 1
 0.08448546116528105 1.512073546384223 0.1040298252357833 1 1041.4913 187.05363 1
 0.08434526466556634 1.512234898490552 0.105011104732457 1 1089.1007 105.03012 1
 0.08412342105292159 1.51226179320566 0.1060084370183126 1 1122.8173 9.682907 1
 0.08363461299657281 1.513954384778592 0.1041836280757114 1 912.81226 349.77902 1
 0.08399980611496838 1.513944639445968 0.1033064396760212 1 899.1226 459.6608 1
 0.08451802879562026 1.513698789366302 0.1028055320947137 1 938.2571 519.4556 1
 0.08509643201568311 1.513412032365384 0.1027934067210233 1 1029.4655 525.3615 1
 0.08564432584059849 1.51308896759827 0.1032200463893432 1 1153.0854 473.36737 1
 0.08592761623727745 1.512853130384224 0.1039714709334593 1 1254.7455 378.05847 1
 0.08583189681089573 1.512608701617428 0.1046461588509602 1 1287.9232 270.87152 1
 0.08552064706950226 1.512663416447553 0.1047635249339109 1 1245.5066 247.60849 1
 0.08529648211916439 1.51296425579505 0.1040019516093237 1 1154.9501 349.67715 1
 0.08524406063266056 1.513225219708143 0.1029289651920453 1 1065.3208 497.8032 1
 0.0854354341164613 1.513261013102508 0.1019170484165046 1 1016.63416 639.6822 1
 0.0858586540420383 1.51305976349506 0.101203024904991 1 1031.7819 744.42224 1
 0.08652104383067614 1.512756978244569 0.1011311663096331 1 1149.4579 771.0596 1
 0.08719825733368984 1.512393653668651 0.1016080443631503 1 1321.6978 711.308 1
 0.08763921243172955 1.512099564968844 0.1024134231546104 1 1470.1014 593.6788299999999 1
 0.0877524882235102 1.511748972301475 0.1033527353405583 1 1561.4503 432.83646 1
 0.08753800750826257 1.51154581334032 0.1043205682009851 1 1583.7383 275.8299 1
 0.08705371135221948 1.511647329543541 0.1049791260902745 1 1531.6168 187.75002 1
 0.08654664961036741 1.51188526961491 0.1049535814939317 1 1439.2545 190.58284 1
 0.08635011671524591 1.512143635500056 0.1042453845210195 1 1358.3241 286.18604 1
 0.08650467295584936 1.512253190515848 0.1031256313375296 1 1309.0618 439.46866 1
 0.08685967697384307 1.512132847111476 0.1021976339781381 1 1310.5793 569.6233 1
 0.08736268513218995 1.511741940771088 0.101870903908521 1 1394.8207 603.6177 1
 0.08788049032627121 1.51122302488258 0.1020982288562917 1 1533.5442 541.41284 1
 0.08822783382820779 1.510596213112331 0.1026886851116042 1 1669.7306 394.2226 1
 0.08569822437667766 1.511290958004572 0.1039092709252545 1 1247.103 166.69905 1
 0.08578484411017419 1.511672424404977 0.1026233665320149 1 1158.2112 375.25006 1
 0.08606640265083859 1.511545542343491 0.1013137662031578 1 1102.7351 555.7646 1
 0.08650145414454445 1.510919871832956 0.1003128578678369 1 1109.5576 661.4835 1
 0.08691805925821564 1.510242433629378 0.09987071816030725 1 1175.4515 677.038 1
 0.08724821870272159 1.509687167540462 0.1001053518792182 1 1299.8778 575.0809 1
 0.08740729220416812 1.509277293862121 0.1008043776361769 1 1423.3063 392.2221 1
 0.08734920597968306 1.508975342759567 0.1017673962091885 1 1502.0492 177.24707 1
 0.08529088824696869 1.509035061107878 0.1017975371569484 1 1029.3147 17.722158 1
 0.08543654131563838 1.509491202182599 0.1005485709556257 1 917.6144399999999 292.1166 1
 0.0854191183958191 1.510080696110203 0.09929545560474014 1 755.741 606.5771999999999 1
 0.08549714107337179 1.512323176497708 0.1003983353378154 1 898.39514 747.4015000000001 1
 0.08545263522662393 1.512342593642527 0.1019519165287405 1 1032.9968 526.41785 1
 0.08508803858642014 1.512447513952416 0.1032179275521357 1 1072.504 359.74405 1
 0.084595181594135 1.512814751598488 0.103770020269725 1 1031.4791 314.3223 1
 0.08424718661779401 1.513242242446469 0.1034046996282183 1 946.75977 384.03403 1
 0.08399963732784609 1.51362896706376 0.1025486014648714 1 839.2454 508.79077 1
 0.08378825565853813 1.513942667994391 0.1015457803694119 1 722.2609 648.7274 1
 0.0836392639881853 1.514127930615851 0.1006670246968743 1 621.5661 767.828 1
 0.08362076633561778 1.514289034456429 0.09949814172949743 1 510.12878 937.26465 1
 0.08381141535560468 1.514141190054025 0.09843561869579551 1 428.91943 1089.9194 1
 0.08426366681947643 1.513943639354854 0.09792991159144011 1 443.14178 1189.0519 1
 0.08624219038900835 1.513509627512155 0.09923179640034975 1 917.514 1120.7434 1
 0.08629962073988376 1.513311691955433 0.1001658240663977 1 1016.5977 958.96155 1
 0.08543545032617059 1.513402333497331 0.1014341596120798 1 975.5947 718.4226 1
 0.08491095025841396 1.513637035576737 0.1010848488666418 1 857.1174 753.24994 1
 0.08467056432697313 1.513730076389362 0.1002036749350119 1 736.9846 865.9136999999999 1
 0.08480942867665855 1.513480233516967 0.09925448328769046 1 664.66956 991.09485 1
 0.08532521832962936 1.513182153536107 0.09870778418476733 1 695.7199000000001 1093.9419 1
 0.08613645831731591 1.51304867089014 0.09850964301329608 1 826.1984 1190.2203 1
 0.08802755182222419 1.509956837842083 0.09823615631277113 1 1290.3542 1107.7341 1
 0.08785328797226276 1.509237468685973 0.09880255241400797 1 1343.5326 839.60785 1
 0.08762013458268446 1.508759586778824 0.09959605512111323 1 1389.7125 543.8013 1
 0.08736894036381128 1.508624315252997 0.1005120740079184 1 1418.5582 311.51843 1
 0.08710980576347355 1.508653745961097 0.1014171013930521 1 1430.8566 144.46004 1
 0.08863355211777674 1.508217096252083 0.09926112988490909 1 1699.9401 631.26575 1
 0.08821254004144212 1.508886742585684 0.09758642281997934 1 1319.8336 1147.104 1
 0.08789099344918289 1.510689978372683 0.09842645380312745 1 1244.0897 1141.3922 1
 0.08820854188147266 1.51088066980356 0.09991680963165306 1 1458.9491 890.203 1
 0.08832679783489857 1.510891754222424 0.1015602605573678 1 1606.9797 613.421 1
 0.08802078152789644 1.51095212683513 0.1028519333611536 1 1620.0538 407.8564 1
 0.08755196670329357 1.511203998371004 0.1037755918204686 1 1571.6206 292.4278 1
 0.08725136544894627 1.511926983308597 0.1040900602875664 1 1507.951 333.1399 1
 0.08726143213449102 1.51299176085325 0.1039047402958603 1 1461.8683 486.50125 1
 0.08756191291059655 1.513542867946792 0.1034627602790369 1 1466.6993 620.95795 1
 0.08623489485585724 1.514353041395203 0.1002893472974845 1 1004.1399 1034.2908 1
 0.0860807932100104 1.514238707647199 0.1013516200199332 1 1065.9475 863.4564 1
 0.08623180711575994 1.514052222102527 0.1022159938540415 1 1158.1691 741.6374499999999 1
 0.08663650995518908 1.513936803697185 0.1027042089550129 1 1259.553 695.22437 1
 0.08717822612018826 1.513819762395377 0.102704584860028 1 1350.1259 719.4423 1
 0.08768398271518475 1.513705873354052 0.1023869640591309 1 1416.9935 783.9656 1
 0.08793456180523694 1.513615732055549 0.1015983851063148 1 1411.9254 903.0559 1
 0.08777074352663769 1.513595209636768 0.1007514405576689 1 1324.209 1014.5084 1
 0.08721610983802115 1.513580849168983 0.09999287907055511 1 1163.9945 1087.336 1
 0.08656932591945271 1.513522717543409 0.09981663949093861 1 1031.64 1056.2966 1
 0.08609989077691038 1.513426180904569 0.100609816168688 1 1018.6547 888.10474 1
 0.08563780471125307 1.513252794218973 0.101913606297372 1 1050.3347 653.56976 1
 0.08506685702710742 1.513248111277482 0.1031830216045583 1 1056.7986 457.68173 1
 0.08448316784024985 1.513327220359444 0.1038353818373399 1 1014.27075 361.95932 1
 0.08406076382936581 1.513457840528564 0.1037181884322498 1 941.75665 364.77136 1
 0.08390973057452172 1.513711252580457 0.102945926449792 1 858.248 467.6774 1
 0.08395518646325613 1.513928684140527 0.1018332158724099 1 772.52576 623.21185 1
 0.08409649035756012 1.514004661248774 0.1006182350734302 1 686.16846 794.70917 1
 0.08422764111314977 1.513980358735965 0.09936503915996793 1 586.2404 975.16345 1
 0.08426714949406124 1.513843491599451 0.09818839143221919 1 468.2595 1141.4341 1
 0.08467097621253115 1.512501958863779 0.09739430618213209 1 407.03943 1189.6552 1
 0.084950682725573 1.512002656524069 0.0977839629597746 1 493.99478 1098.2834 1
 0.08521032000879684 1.511659978327886 0.09871721913487604 1 654.875 916.80164 1
 0.08532082115393938 1.511457884253454 0.09987531084609212 1 810.81683 703.6719000000001 1
 0.08520271020225481 1.511425309078982 0.1010388607757799 1 910.9818 510.396 1
 0.08490463284667037 1.511398315534815 0.1021129735232592 1 958.91693 339.5414 1
 0.08462869682444649 1.510816207733165 0.1030924805955494 1 1002.53503 119.51745 1
 0.08495371166951883 1.509169540653657 0.1019096712290075 1 967.0128 5.070628 1
 0.08523999538337747 1.509467063539957 0.09955118793711512 1 744.1013 436.19907 1
 0.08520334913820017 1.509876229132032 0.09827261020877208 1 557.198 748.1547 1
 0.08502911882316103 1.510179104604361 0.09705183200423267 1 335.7737 1032.4075 1
 0.08490010508586168 1.508787071510566 0.09617713336121642 1 46.318676 1009.3896 1
 0.0849222574205529 1.508523163173198 0.09681910963164249 1 162.77051 800.1026000000001 1
 0.0849731479231573 1.508418108996287 0.0976607176253397 1 338.38086 581.65643 1
 0.08503609080487665 1.508346111960888 0.09870277205330803 1 544.04517 348.8449 1
 0.08499595804986144 1.508173304782301 0.09982454255936249 1 712.92816 101.50773 1
 0.08574963413619091 1.508777214459572 0.1016583573304572 1 1122.4077 20.486824 1
 0.0862947162242125 1.508853760773714 0.1006940096883497 1 1149.2952 223.33545 1
 0.08677457950303868 1.508866083995748 0.09974201252684466 1 1165.4181 441.7132 1
 0.08721576763301332 1.508779932908699 0.09877175325271774 1 1172.0265 680.5797 1
 0.087614637939538 1.508674931875358 0.09787313448240202 1 1175.409 944.7747000000001 1
 0.0852765129042629 1.510544040416718 0.09688970251263894 1 385.09006 1147.6832 1
 0.08533231900889141 1.510538235785688 0.09810136849080699 1 577.3409 900.60693 1
 0.08562775507877433 1.510357853419417 0.09889423061142313 1 752.4872 747.8559 1
 0.08614769281474302 1.51016174385789 0.09922430735950639 1 917.6274 708.489 1
 0.08666314804948673 1.51011290871468 0.09898860276614337 1 1015.4608 802.81366 1
 0.08701072164356315 1.510259819393275 0.09829619549639569 1 1014.4149 1012.2153 1
 0.08612410776810045 1.512196860400573 0.09808483887051529 1 773.5051999999999 1185.3079 1
 0.08588449250904003 1.512494090597387 0.09937752698343302 1 868.56555 963.59863 1
 0.08539059957161391 1.512710091237786 0.1001355431383744 1 852.2871 824.01807 1
 0.08491905298298447 1.512985156094296 0.1001071260073399 1 765.62177 820.4647 1
 0.08456645406365014 1.513465362769324 0.09943794037084674 1 641.6709 941.8029 1
 0.08442438755771793 1.513623027635331 0.09853887553637437 1 526.5643 1081.5079 1
 0.08342395129962574 1.514267062011448 0.09770350434072625 1 295.93402 1174.6971 1
 0.08359127579984101 1.514121721724129 0.09861569539377291 1 412.7107 1043.2185 1
 0.0838783742377834 1.514097602763989 0.09913745585691601 1 510.4559 989.5984999999999 1
 0.08440385157321584 1.513836196578978 0.09894714091129039 1 570.5743 1036.806 1
 0.085017626874241 1.51355119244475 0.09830645283418162 1 603.06665 1164.7583 1
 0.0870675485205272 1.509772304921547 0.09747611517155549 1 923.20966 1147.0999 1
 0.08708028016817271 1.509641187959079 0.09868138706422684 1 1095.6831 841.02423 1
 0.0871829246906808 1.509259666329076 0.09938248613647672 1 1221.287 634.8107 1
 0.08738985839222921 1.508836855983904 0.0995943509961341 1 1320.3824 533.3221 1
 0.08770528482690201 1.508541210956922 0.09928702886461585 1 1393.0259 576.8379 1
 0.08805867707870486 1.508325164015094 0.09866120249118591 1 1444.7273 726.9027 1
 0.08836640785645378 1.508277872934278 0.09785852742200021 1 1454.9487 986.6023 1
 0.08585134624400603 1.50841240332879 0.09842450052416281 1 721.0531 515.71027 1
 0.08545669163817743 1.508275308437839 0.09887702739607993 1 684.2019 344.10278 1
 0.08500980683987673 1.508150253069378 0.09856906161470819 1 507.00146 329.44757 1
 0.08464170911730237 1.508085494988136 0.09792411310890162 1 285.05533 409.7015 1
 0.08439998471981344 1.508200245976516 0.0970065823427449 1 41.987816 615.9831 1
 0.08434771745743873 1.514024699477868 0.09833872049774905 1 502.33545 1140.9756 1
 0.08386696800863684 1.514070550946347 0.09807900864712475 1 398.278 1141.6982 1
 0.08694692209548369 1.510697785860688 0.09923997719809206 1 1102.6531 869.01575 1
 0.08657575583066518 1.510802856212756 0.1005651667751001 1 1153.3855 609.10876 1
 0.08625893351218956 1.511240833937729 0.1013750663774027 1 1152.6052 519.4238 1
 0.08612782732960043 1.511865206396037 0.101485669523236 1 1124.036 578.82007 1
 0.08617788574592608 1.512429839568733 0.1010323807181454 1 1083.9653 720.2409699999999 1
 0.08634447971542468 1.512728562810182 0.1002022072088825 1 1035.9747 895.6169 1
 0.08652853344626607 1.512900513147055 0.09913205442622146 1 966.574 1105.7201 1
 0.08766978740384306 1.512293924887108 0.0992562740279183 1 1221.8528 1128.594 1
 0.08758444994931545 1.512211367865795 0.1001821917170867 1 1289.7395 947.8643 1
 0.08746945302953468 1.512241838651599 0.1009962904391693 1 1332.3304 806.8874499999999 1
 0.08734365326202358 1.512275089577932 0.1016830546262042 1 1358.8367 697.28766 1


