# Created by Octave 4.0.0, Thu May 23 15:02:44 2024 PDT <caveman@RiffellCave1>
# name: corresp
# type: matrix
# rows: 414
# columns: 7
 0.08499257189830119 1.508162379664646 0.1008511701225066 1 1357.2045 1192.6725 1
 0.08632543261692473 1.508140817496777 0.1006447306063036 1 850.5617 1142.8142 1
 0.08703679186180832 1.508182470646122 0.1005491735282711 1 566.3998 1106.0638 1
 0.08808203969702447 1.508065908109814 0.1001904452258833 1 138.93825 987.6024 1
 0.08764488668662414 1.50810876093151 0.1001354942650782 1 315.17044 961.4464 1
 0.08709276875730414 1.508137906567776 0.1000759112116136 1 539.5336 933.8887 1
 0.08644762942332357 1.508113034964977 0.09996446647217752 1 804.25586 891.1024 1
 0.08575651580013087 1.508126067779482 0.09986767915293494 1 1086.0034 846.9173 1
 0.08512505461198176 1.508193908561027 0.09977170305979055 1 1330.4889 797.19476 1
 0.08453950417292788 1.508275405032522 0.09967327028419821 1 1543.6069 747.0854 1
 0.08401687071847259 1.508232861266142 0.0995157183075899 1 1740.864 689.3733999999999 1
 0.08356678984979161 1.508153793453955 0.09935179252587929 1 1910.5737 634.1747 1
 0.08362392619903518 1.508277507771816 0.09881650765487816 1 1891.2578 423.54697 1
 0.08405289784905456 1.508345333127531 0.09867953980565836 1 1735.9716 364.22522 1
 0.0845667747943013 1.508333168166104 0.09858518012827673 1 1553.1558 323.81317 1
 0.08517103926607203 1.508259817166577 0.09851649052808563 1 1330.7294 294.89587 1
 0.08591132887964402 1.5082964931803 0.09845275851390635 1 1029.3636 261.9429 1
 0.08665849886478239 1.508323557646742 0.09835264072617193 1 717.8182 215.93983 1
 0.08730946053497245 1.508306574147636 0.09824105973501923 1 443.82462 168.52481 1
 0.08786685559546556 1.5082491871697 0.09812323571893801 1 208.81714 122.60055 1
 0.08831485917120439 1.508133584001283 0.09797606190706047 1 12.071008 64.102684 1
 0.08768650672508523 1.508836222638338 0.09792993107291205 1 309.16406 33.74182 1
 0.08720041784543525 1.508871980821408 0.09801604921861207 1 499.59286 66.468925 1
 0.08669553454242586 1.508893212380273 0.09806578298115595 1 696.6228 86.84484 1
 0.08616991084105913 1.508901892892486 0.09810616116595726 1 899.99066 104.748955 1
 0.08564942758958767 1.508898711332879 0.09808226113742033 1 1099.2185 99.79749 1
 0.0851599190028479 1.508916485739487 0.09802327259226966 1 1281.1193 82.56501 1
 0.08472777369648825 1.50893924351178 0.09789821924957089 1 1437.0388 41.6805 1
 0.08433981035376177 1.508924231224584 0.09778077997873276 1 1576.3848 6.645361 1
 0.08402817143283393 1.508908040642281 0.09774068095185823 1 1685.1995 2.12343 1
 0.08383810089754039 1.508936063087905 0.09781627965399159 1 1744.3309 27.607231 1
 0.08374570766846164 1.508949477347453 0.0980148749833384 1 1769.3744 100.12673 1
 0.08377577032877676 1.508931886771 0.09826267249987658 1 1757.239 188.46518 1
 0.08397862220695085 1.508914595297244 0.09844165912414275 1 1689.208 250.8716 1
 0.0842810933053755 1.508861181893645 0.09858612644549397 1 1590.6968 302.18265 1
 0.08467939641205448 1.508830711645551 0.098695156238919 1 1452.9641 340.4607 1
 0.08516229902673869 1.508830418476743 0.09876352196564779 1 1277.3446 363.1046 1
 0.0857081666582942 1.508839555971886 0.09881453600359831 1 1072.6924 379.6574 1
 0.08627182293714526 1.508841549127121 0.09886524562681324 1 857.27057 397.44675 1
 0.08679339340855372 1.508767983134337 0.09890848555451776 1 656.2658699999999 417.92258 1
 0.08726507215136506 1.508663987931756 0.09896245686098576 1 470.54285 445.6292 1
 0.08770950430449673 1.508596820512606 0.09902319222031258 1 293.6857 474.72205 1
 0.08814837153242541 1.508595504265179 0.09906288761871816 1 122.96934 491.39005 1
 0.08831197236673766 1.508593917959989 0.09978436482037424 1 72.83781399999999 768.44507 1
 0.08797047158258554 1.508559830430805 0.09989351040436188 1 201.92679 813.5821999999999 1
 0.08756089722735783 1.508596825378045 0.100030308672948 1 361.99182 860.04553 1
 0.08709813212561827 1.508624806440791 0.1001563789627222 1 541.00793 902.1208 1
 0.08661019375011877 1.508655303537563 0.1002535045689324 1 727.4487 931.6097 1
 0.08560060904090999 1.508659647647874 0.1004252353828677 1 1103.8298 983.7023 1
 0.08513761989871609 1.508667126528868 0.1004640359084649 1 1269.6279 991.8441 1
 0.08470562934734119 1.508636574748268 0.1004598744999031 1 1424.6672 988.8721 1
 0.08430302454262142 1.508622347715928 0.1004630405193682 1 1563.8502 986.1726 1
 0.08393027868247692 1.508583257533215 0.100501045252667 1 1691.4254 998.235 1
 0.08363213470258496 1.508521901104552 0.1006048512950481 1 1791.9098 1035.8932 1
 0.08730932540975772 1.509721344344031 0.1014609716023825 1 489.32272 1188.4873 1
 0.08798562006007141 1.509730761723004 0.1013450666060239 1 271.88156 1152.8942 1
 0.08852988725825585 1.509771924072236 0.1012422484436031 1 100.20034 1116.2144 1
 0.08811235687176983 1.509764696998874 0.1005343904990211 1 217.49774 902.01337 1
 0.0875349453469967 1.509783620373315 0.1004576179243632 1 405.5553 875.66113 1
 0.0868519362250684 1.509777127670101 0.1004395230020955 1 630.81256 869.1283 1
 0.08616638468630544 1.509758959026396 0.1003693650788093 1 857.989 846.3502 1
 0.08554291305585521 1.509774456274141 0.1002473680953127 1 1062.4906 803.39496 1
 0.08501340632253111 1.509882955489892 0.1001588351331235 1 1226.4146 763.3401 1
 0.08448709975407945 1.509928301886923 0.1001432992928758 1 1386.0868 751.99945 1
 0.08403087689931112 1.509956311836767 0.100141996033593 1 1520.1324 746.98517 1
 0.08374850651088443 1.509932451402883 0.1000587774893443 1 1606.8716 722.52356 1
 0.08371008344354094 1.509919046113269 0.09993229992178027 1 1622.5988 685.2739 1
 0.08390515629694539 1.509968463181185 0.09980488124321671 1 1563.4368 643.397 1
 0.08424665539160363 1.510029667498096 0.09968132931414285 1 1458.7454 601.89703 1
 0.08468734338131263 1.510040194569388 0.09954240973737252 1 1326.076 558.36554 1
 0.0852666747411772 1.510078791000636 0.099374152139681 1 1144.1426 502.46167 1
 0.08595625077201782 1.510104485188509 0.09918064577828876 1 922.46716 438.20465 1
 0.0866717484962171 1.510101135102952 0.09903350341414308 1 688.03296 389.84882 1
 0.08736454404132014 1.510067399572557 0.09891813889055628 1 458.60275 353.57214 1
 0.08798216048335343 1.510009706557739 0.09884845379120336 1 252.07956 333.77664 1
 0.0884662049059472 1.509935345466035 0.09881814501728671 1 89.40525 328.53006 1
 0.08857788438182351 1.509927853020485 0.09811106301638696 1 48.001225 88.78466 1
 0.08815369918818126 1.509931997625278 0.0980607100678763 1 190.21127 70.96418 1
 0.08760366548264745 1.509912836486237 0.09804881405748064 1 375.08936 65.51173 1
 0.08699680994375275 1.509932734071376 0.09800671304815281 1 582.65765 51.794903 1
 0.08635505337166077 1.509969873161008 0.09796431657267091 1 801.84705 38.698364 1
 0.08572169373351707 1.510001934489456 0.09791995781184841 1 1014.2114 27.766552 1
 0.08513750781486576 1.510021352968841 0.09784899277565569 1 1205.8691 9.184207000000001 1
 0.0836359102821502 1.512184121502295 0.09795995274853699 1 1470.6124 43.337555 1
 0.08369082445833526 1.512142263283634 0.09833121490748761 1 1456.3005 138.92941 1
 0.08396457705347284 1.512075508338255 0.09859482007639232 1 1389.9089 206.41765 1
 0.08437952366922191 1.51200479226336 0.09876976409544964 1 1286.9496 251.56923 1
 0.08493931871978293 1.512047053083395 0.09888434731826565 1 1137.9451 277.9725 1
 0.08558814875063844 1.512001306479195 0.09892991618410668 1 966.97894 287.8494 1
 0.08623468123924802 1.511932487357131 0.09901101030070918 1 793.29755 311.50317 1
 0.08691714614509265 1.511934133229557 0.09908701170139085 1 606.6778 331.47955 1
 0.08753452333575461 1.511945968078694 0.09918982023945379 1 438.4929 358.8884 1
 0.08801837309011538 1.512023835522817 0.0993302656604939 1 309.8529 394.98782 1
 0.08832071729966007 1.512039981003399 0.09952129155375172 1 230.73305 445.98267 1
 0.08846386136209881 1.511949485346689 0.09969644536917685 1 190.6923 497.11774 1
 0.08641204507596671 1.511739953037968 0.10050539115559 1 744.2335 721.59467 1
 0.085848466395696 1.511748099135638 0.1004149248665205 1 896.2765000000001 696.6188 1
 0.08527125366756928 1.511751111080424 0.1003256726063298 1 1050.9996 671.4258 1
 0.08471073473608669 1.511838970340089 0.1003170626930839 1 1193.9152 662.35443 1
 0.08421999471709478 1.511927060523648 0.1003819199006571 1 1313.9414 673.1947 1
 0.08380440182787591 1.511961436993726 0.1005464082081056 1 1412.2997 710.4416 1
 0.08352129606543285 1.51198664405138 0.1007744770592281 1 1475.47 763.65796 1
 0.08348976738070234 1.512027256593041 0.101005919270001 1 1476.0844 816.5307 1
 0.08363736242803541 1.512071950769425 0.1012567111095377 1 1433.7009 873.97345 1
 0.08390080202891945 1.511940022084445 0.1015007954474215 1 1375.078 944.0971 1
 0.08429702444496318 1.511798438354415 0.1017294217241407 1 1283.3958 1013.7245 1
 0.08487283294953463 1.511710665515676 0.1018455826399754 1 1142.2062 1054.154 1
 0.08555544942634477 1.511761830508257 0.1019325680216457 1 965.123 1075.1167 1
 0.08623763685315726 1.511840870543692 0.1020374504758185 1 787.40405 1096.4291 1
 0.08689680992055134 1.511871635581271 0.1021011102059392 1 617.5766 1111.1477 1
 0.08748876793899185 1.511883906381684 0.1021473887570545 1 466.12274 1122.3259 1
 0.08795809196496626 1.511867670636256 0.1022428959940296 1 347.37088 1146.7628 1
 0.08821654725835837 1.511872339829502 0.1024580720090203 1 285.71872 1195.1243 1
 0.08899058874145528 1.513392979301585 0.1031720427973299 1 159.59404 1198.114 1
 0.08873968582285698 1.513319668210944 0.1030167357416422 1 208.5725 1176.9259 1
 0.08831450427683099 1.513212847877924 0.1028424383717522 1 297.66217 1151.0145 1
 0.08776684655959412 1.513097427246236 0.1026716344910266 1 417.6101 1125.384 1
 0.08712936004455353 1.51308034153396 0.1025386209680448 1 562.8989 1097.6035 1
 0.08642590774108315 1.513068154510215 0.1024693715917234 1 725.06134 1081.793 1
 0.08571173039360785 1.513139979707093 0.1024232870832927 1 887.98706 1062.724 1
 0.08501154978926928 1.51323405724451 0.1024162486884419 1 1043.0662 1048.5892 1
 0.08444465910972287 1.513306538863715 0.1022772491651885 1 1167.8185 1011.18823 1
 0.08398478895346742 1.513391751509821 0.1021755449020084 1 1265.1941 980.4763 1
 0.08364587472397357 1.513432245023783 0.1020901392048696 1 1336.8026 957.3501 1
 0.08347125807980769 1.513463624282536 0.1019216998704475 1 1374.453 918.9896 1
 0.08339293665517732 1.513496429609702 0.1017800658411919 1 1391.0917 886.7676 1
 0.08350076951065911 1.513522331717117 0.1016092642841321 1 1369.1998 849.8395400000001 1
 0.08380234466247927 1.513490342215022 0.1015212818205832 1 1307.3715 834.56714 1
 0.08489613936638692 1.513381738650463 0.1013579786573285 1 1072.2513 811.5396 1
 0.08558243404661463 1.513298043314305 0.1013113779795537 1 917.99976 808.26044 1
 0.08628304406064081 1.513262665878459 0.1012681861909335 1 755.80225 802.7203 1
 0.08695692339042337 1.51315625415568 0.1011656196647781 1 597.563 787.605 1
 0.08758201529236539 1.51311282702972 0.101043194272413 1 448.43173 763.3676 1
 0.0881336853301639 1.513157299889217 0.1009209274171217 1 317.86618 732.7781 1
 0.0885738502645019 1.513234504886939 0.1007793358793779 1 215.59187 695.6695 1
 0.08887483445736469 1.513231092944761 0.1005910228716527 1 143.84105 652.35095 1
 0.08754346137790459 1.512983101461497 0.09991819897721756 1 451.81204 503.6344 1
 0.08686200291893377 1.512994663643185 0.09978999910391755 1 619.40045 471.369 1
 0.08612167170098615 1.51308847303594 0.09981601505050869 1 799.9503 473.58026 1
 0.08542159222862837 1.513143367156884 0.09975553095491371 1 968.1355600000001 457.0875 1
 0.08477992793533673 1.513176671637601 0.09978936654677614 1 1119.2168 464.1068 1
 0.0842138432048003 1.513187472032832 0.09977529037317164 1 1250.4861 461.01843 1
 0.08375561234024421 1.513327825278684 0.09970981905933336 1 1347.5388 440.98816 1
 0.08341360004868982 1.513392398378415 0.09951911339248004 1 1421.7546 395.8926 1
 0.083204609280636 1.513459500841737 0.09932482225087713 1 1465.4 350.2981 1
 0.08320441085282393 1.513485879394442 0.09912058242548041 1 1465.9701 303.22635 1
 0.08343980036451303 1.513430454498553 0.09908509784532606 1 1418.2661 295.51736 1
 0.08384472041218971 1.513403993989631 0.09905872432343311 1 1329.7882 288.32742 1
 0.0843701335972588 1.513342430542813 0.09899060273058362 1 1213.7761 271.86884 1
 0.08504154724070452 1.513374008777768 0.0989501764520949 1 1056.0244 259.04367 1
 0.08577796633254814 1.513323097440244 0.09884056788434031 1 882.82916 231.92851 1
 0.08653426207136156 1.513282763403298 0.09866390308828994 1 700.99774 188.60849 1
 0.08724359554063078 1.513299972246169 0.09848154669416896 1 528.4224 143.1521 1
 0.08783602379865366 1.513323682037413 0.09835237920726639 1 384.7879 111.55232 1
 0.08832334441418414 1.513308635873267 0.09816928092011316 1 266.75308 67.83714999999999 1
 0.08868529244547602 1.513377361979905 0.09803804640982586 1 182.1461 36.37333 1
 0.08886689118546556 1.513431486475208 0.09790099967578067 1 141.02385 4.592975 1
 0.08696699121701233 1.514233404280508 0.09795193066956821 1 598.2486 10.699431 1
 0.08629366707303689 1.514282471233328 0.09801308876638912 1 750.22986 25.76845 1
 0.08561309030986269 1.514407521925494 0.09811830414006446 1 899.86115 50.891624 1
 0.08501323765703592 1.514440998306222 0.09810408829306139 1 1030.9976 50.37511 1
 0.0844320781148155 1.514488178361986 0.09824204076716653 1 1153.8636 82.641075 1
 0.08396063630932801 1.51451310929192 0.09830729685946375 1 1252.8389 100.09916 1
 0.08357447446210534 1.514527162414201 0.09844196827125677 1 1331.8391 131.26514 1
 0.08334290633272842 1.514534950148256 0.09853822245469895 1 1378.3705 153.2231 1
 0.08331662595548542 1.514533095891354 0.0986667432608692 1 1382.7607 180.64299 1
 0.08347643651389024 1.5143966057117 0.09887140011987855 1 1355.592 225.72684 1
 0.08379058244496111 1.514386883055874 0.09910208683356268 1 1288.5715 273.9354 1
 0.08428795238402804 1.514410956443383 0.09917373167865345 1 1181.7296 287.00012 1
 0.08486193057469449 1.51443494823161 0.09930856282843177 1 1057.0054 313.9054 1
 0.08549156535791951 1.514415471741701 0.09945567072364909 1 919.96893 345.12372 1
 0.08616724598270911 1.514379628667673 0.09954850821177851 1 771.79803 365.69485 1
 0.08689281660407687 1.514347274458414 0.09953279147707755 1 611.1011 362.5136 1
 0.08758604657212743 1.514319470334086 0.09960224074091824 1 457.5428 379.4528 1
 0.08824252753369272 1.514289713993031 0.09963281390145598 1 312.01093 387.83414 1
 0.08877002466965904 1.514267621365612 0.09971543132045552 1 195.96043 407.8597 1
 0.08904661000335104 1.514249504972934 0.09995544461452636 1 136.56996 461.87958 1
 0.08911336751277199 1.514239665025067 0.1002076001707787 1 123.35647 517.2159 1
 0.08898560687331113 1.514225429896063 0.1003755038796773 1 151.47946 554.40826 1
 0.08868228449483606 1.51421201247634 0.1004583046265963 1 217.4718 572.63855 1
 0.08820833840969439 1.514265951783814 0.1005351123760843 1 322.31906 586.2914 1
 0.087593907370493 1.514278720471373 0.1005903995317283 1 457.00552 597.07166 1
 0.08688156014269993 1.514250098831141 0.1006368936061533 1 613.4069 607.84174 1
 0.08610780921472327 1.514353713382533 0.1007004405511094 1 782.07654 615.668 1
 0.08536384114433337 1.514385543602124 0.1007795329149503 1 941.9906 630.07745 1
 0.08469974839185831 1.514406938396888 0.1008744914184487 1 1082.1292 648.0579 1
 0.08415008139019547 1.514435972349942 0.1009375583352129 1 1195.3556 658.7973 1
 0.08370455986198345 1.514452842778358 0.101080319211786 1 1284.6183 686.2818 1
 0.08339874483403945 1.514461941991295 0.1012590662581386 1 1343.9258 721.1803 1
 0.08326033078785366 1.514434165288367 0.1014917026553335 1 1370.3718 768.9476 1
 0.0833368267405929 1.514428020581423 0.1016653722142998 1 1353.4519 803.93976 1
 0.08361599653105717 1.514416628635871 0.1017532260949574 1 1297.1454 823.1669000000001 1
 0.08401785062231519 1.514335675330892 0.1018641488846594 1 1218.3175 852.4016 1
 0.08457117707071476 1.514316934553266 0.1019209722352507 1 1104.7172 867.5053 1
 0.08526822080229993 1.51422454479672 0.1018516635879889 1 961.3405 861.27374 1
 0.08596180469929064 1.514214853090708 0.1019033515595196 1 813.28754 874.60547 1
 0.08663159964120067 1.51429497568949 0.1020201896332839 1 669.06775 894.6999 1
 0.08872822560749931 1.514196447116527 0.1023178442227966 1 224.30103 963.7873 1
 0.0889223482860725 1.514188921772904 0.1024743081781481 1 185.56844 996.2458 1
 0.08891608010535763 1.514168205099863 0.1026633113617733 1 188.93398 1035.1882 1
 0.08870018581330961 1.514183412981269 0.102832681499128 1 236.23428 1068.0447 1
 0.08835061350810659 1.51417281171709 0.1029015973261487 1 309.44562 1082.18 1
 0.08785791401917292 1.514197449070945 0.1029489677272045 1 413.33975 1089.3843 1
 0.0872403044246782 1.514176297591335 0.1029748139303479 1 543.18524 1095.2366 1
 0.08652270250272262 1.514206727975109 0.1030094118909162 1 694.2837500000001 1097.7067 1
 0.08507444186504842 1.514338611068448 0.1029817998225241 1 993.1671 1076.3333 1
 0.08442359303094145 1.514358501608814 0.1030383445479096 1 1124.5337 1081.3088 1
 0.08390134291028982 1.514384504666492 0.1030841466505283 1 1227.2682 1084.5309 1
 0.08351424574426466 1.514398953310331 0.103179113626547 1 1301.5881 1098.228 1
 0.08326495205745234 1.51439207789638 0.1033685399654682 1 1347.9458 1131.6233 1
 0.0832236689020667 1.514339328018291 0.1036031926045481 1 1355.3569 1178.1528 1
 0.08851105093970353 1.509054112169774 0.1006506441154894 1 51.86876 1019.3538 1
 0.08853784999942364 1.509086932517345 0.09966519985360089 1 21.972536 675.7052 1
 0.08853969838099356 1.509102345966104 0.09872669256881832 1 9.404239 332.78503 1
 0.08853049667161025 1.50911471161391 0.09785754591191055 1 9.295158000000001 11.409224 1
 0.08831064348767814 1.510355262734438 0.09877263609749193 1 161.68631 296.39285 1
 0.08816746111876286 1.510259258178664 0.09986713022675324 1 210.8921 648.59424 1
 0.0880631330907392 1.510132183880266 0.1009714845816743 1 254.47932 995.68604 1
 0.0881262590164265 1.51054932021448 0.10121060129376 1 253.25989 1019.3734 1
 0.08816303321639123 1.51057146655474 0.1003015672902037 1 229.90236 756.1997 1
 0.08818737565778181 1.510625901642565 0.09941938845063844 1 215.42715 486.17267 1
 0.08818479652493522 1.51067223960149 0.09857985046132012 1 213.98793 224.75018 1
 0.08780326660703067 1.511492865319054 0.09968843336059062 1 356.70267 517.3745 1
 0.08768513428464186 1.511404551013277 0.1008516476194288 1 395.88547 841.1802 1
 0.08755873462798681 1.511320677504504 0.1019585772463603 1 439.65686 1134.4304 1
 0.08792176738937241 1.512689580237275 0.1020634992999136 1 369.34167 1028.7528 1
 0.08796037698067827 1.512660644719062 0.1011708352638003 1 350.96985 824.2459 1
 0.08799684076452359 1.512674860098774 0.1002369423956495 1 335.74564 597.3317 1
 0.08802126753983366 1.512700961567674 0.09927490182111222 1 326.04312 354.60812 1
 0.08804683683800896 1.51271658925404 0.09827795571672145 1 319.19592 100.26426 1
 0.08805657751879546 1.513926415398552 0.0983697205659346 1 344.70563 108.6463 1
 0.08796540466315 1.513744318768529 0.1024341328418586 1 379.97632 1021.89514 1
 0.08671655767734274 1.508423502224299 0.10021275569127 1 689.586 945.1631 1
 0.08678748855692392 1.508421043765153 0.09929056695708416 1 660.9382000000001 590.18756 1
 0.08680520720265228 1.508393688683635 0.09835238332341653 1 655.7027 210.3544 1
 0.08648703581350248 1.509081394327624 0.09799281036376019 1 774.1369 54.34195 1
 0.08643181638533913 1.509022568773704 0.09915541677130615 1 789.99475 492.06558 1
 0.08637640524583975 1.508985086488955 0.1003008522219155 1 806.05334 906.3697 1
 0.08630195362285131 1.50996012157085 0.1016168708459434 1 806.1439 1192.5599 1
 0.08634971121796248 1.509915670047193 0.1006079674228159 1 793.5566 905.4059999999999 1
 0.08640231427356689 1.509915769092525 0.09961067197172783 1 779.2003999999999 588.91 1
 0.08646356097500031 1.509936708292115 0.09861288859752786 1 761.8317 256.61758 1
 0.08655656731915859 1.510951837255349 0.09858552184593428 1 717.2544 217.60396 1
 0.08658316288553503 1.510912937513884 0.0998741541647019 1 705.3746 603.92834 1
 0.08659858356695523 1.510919318397719 0.1011981063058637 1 701.9948000000001 975.3364 1
 0.08648207459505604 1.511886859878014 0.1020048017521333 1 723.8797 1085.1715 1
 0.08651990764387125 1.511883320681042 0.100887112131898 1 713.3406 810.25146 1
 0.08651146334405166 1.511842111917578 0.09975976505094855 1 716.86676 517.57965 1
 0.08646805160480846 1.511815838113813 0.09860093908469175 1 732.8034699999999 202.03146 1
 0.08647608286020517 1.512526069017781 0.09891428714657285 1 721.49896 268.3341 1
 0.08649629361302014 1.512503088946744 0.1002964843368046 1 713.44946 620.10345 1
 0.08650008696312939 1.51246438551012 0.1016240936438141 1 712.8209000000001 944.00946 1
 0.08618670128561878 1.513086262262052 0.1024963322743127 1 780.2417 1084.8606 1
 0.08622895241204077 1.51313086218674 0.1012620872178727 1 770.31976 809.7682 1
 0.08626514788859918 1.513164355968224 0.1000429787807972 1 763.4121 524.37726 1
 0.08629886397186516 1.513200803765231 0.09884984308705204 1 758.6446 235.57826 1
 0.08612000993041785 1.514359745006761 0.09820555271126626 1 787.5775 68.79647 1
 0.0861320294458881 1.514311797403002 0.09944786519783144 1 780.8244 345.5461 1
 0.08614778000503799 1.514253582740881 0.1006912313879453 1 774.9316 619.2903 1
 0.0861418376657503 1.514124897175709 0.1019277740101651 1 775.9624 886.3329 1
 0.08607322769368574 1.514090266531591 0.1031888425719411 1 790.16315 1140.1898 1
 0.08441297987885293 1.508453189036351 0.09995615437145158 1 1560.3265 831.0857999999999 1
 0.08446577814098205 1.50851485570081 0.09895998740912161 1 1560.0177 458.47174 1
 0.08449401389393593 1.508553491779729 0.09793383068875806 1 1564.7695 63.41999 1
 0.08487480313254656 1.509770452218954 0.09894559419632866 1 1296.8102 379.91345 1
 0.08499642854704431 1.509769154455469 0.1002890369640988 1 1237.8793 813.1718 1
 0.08498040462232424 1.510490627627553 0.1012530581157445 1 1183.3097 1023.59436 1
 0.08500445237177587 1.51047828533276 0.1000661172002047 1 1192.5999 686.8831 1
 0.08502805640845387 1.510502708897668 0.09884138353910266 1 1198.5687 315.09302 1
 0.08470874699861351 1.511348743519404 0.09898266179489801 1 1237.0538 328.11472 1
 0.08471270152509572 1.51135924852626 0.1002976848739091 1 1220.5089 688.67737 1
 0.08469828708210289 1.511351162241965 0.1016067611144083 1 1208.2197 1028.2122 1
 0.08480274397981956 1.512482474040423 0.1026995838261598 1 1116.9447 1174.7013 1
 0.08483944575627385 1.512429519120866 0.1014843873131284 1 1122.0135 907.08435 1
 0.08488224754753448 1.512432147476259 0.100233149061033 1 1122.8192 606.727 1
 0.08490701641359114 1.512424262090566 0.0989474469745477 1 1128.242 284.02673 1
 0.08454761306156121 1.513074430232231 0.09822830219334168 1 1191.4478 93.7552 1
 0.08457163588071839 1.51300696393209 0.09960594455615085 1 1177.6915 428.06537 1
 0.08455820904717112 1.512952845344333 0.1009890346064478 1 1170.2977 754.5247000000001 1
 0.08452490017637714 1.512863355733079 0.1022731040027173 1 1169.3602 1046.506 1
 0.08465317295802394 1.514256742673839 0.102805978837106 1 1083.1478 1045.7017 1
 0.08467667198870273 1.514235309608434 0.1016311624258313 1 1087.6505 813.54675 1
 0.08466601715372676 1.51428317915629 0.1004233746246704 1 1096.7146 557.5331 1
 0.08461252305476046 1.514300652674017 0.09919082623532022 1 1116.4417 292.37405 1
 0.08454906830338069 1.514332830826333 0.09796582021273936 1 1137.1503 23.263033 1
 0.08520044759240725 1.511740450265875 0.09920880122512654 1 1079.769 374.55096 1
 0.08538722402339925 1.511912994179409 0.1001722315377914 1 1015.3039 621.9778 1
 0.08555342245575012 1.511886606726614 0.1011296549728401 1 966.3869999999999 868.11847 1
 0.08579996784683491 1.512019193215714 0.1017837153271779 1 895.9053 1017.2044 1
 0.08603318373117377 1.512070905692733 0.1021433942607035 1 834.6731600000001 1098.2465 1
 0.08399980611496838 1.513944639445968 0.1033064396760212 1 1223.9698 1162.0226 1
 0.08451802879562026 1.513698789366302 0.1028055320947137 1 1131.4973 1088.5182 1
 0.08509643201568311 1.513412032365384 0.1027934067210233 1 1016.6987 1113.7534 1
 0.08524406063266056 1.513225219708143 0.1029289651920453 1 988.9114 1158.2827 1
 0.0854354341164613 1.513261013102508 0.1019170484165046 1 950.205 943.3271999999999 1
 0.0858586540420383 1.51305976349506 0.101203024904991 1 859.4114 800.3655 1
 0.08652104383067614 1.512756978244569 0.1011311663096331 1 704.5214 806.4078 1
 0.08719825733368984 1.512393653668651 0.1016080443631503 1 539.2696 948.026 1
 0.08763921243172955 1.512099564968844 0.1024134231546104 1 433.23682 1163.2523 1
 0.08685967697384307 1.512132847111476 0.1021976339781381 1 626.45416 1108.2051 1
 0.08736268513218995 1.511741940771088 0.101870903908521 1 495.14395 1069.8457 1
 0.08788049032627121 1.51122302488258 0.1020982288562917 1 353.05893 1179.8921 1
 0.08606640265083859 1.511545542343491 0.1013137662031578 1 839.4908 945.3073000000001 1
 0.08650145414454445 1.510919871832956 0.1003128578678369 1 730.0626 729.4162 1
 0.08691805925821564 1.510242433629378 0.09987071816030725 1 607.08453 649.1681 1
 0.08724821870272159 1.509687167540462 0.1001053518792182 1 496.70197 771.7909 1
 0.08740729220416812 1.509277293862121 0.1008043776361769 1 443.14767 1043.4541 1
 0.08543654131563838 1.509491202182599 0.1005485709556257 1 1109.4114 925.7786 1
 0.0854191183958191 1.510080696110203 0.09929545560474014 1 1096.5212 477.38083 1
 0.08549714107337179 1.512323176497708 0.1003983353378154 1 971.667 654.1319999999999 1
 0.08545263522662393 1.512342593642527 0.1019519165287405 1 972.6987 1025.7306 1
 0.08399963732784609 1.51362896706376 0.1025486014648714 1 1246.7505 1038.9839 1
 0.08378825565853813 1.513942667994391 0.1015457803694119 1 1287.4103 810.3213 1
 0.0836392639881853 1.514127930615851 0.1006670246968743 1 1319.1227 616.1467 1
 0.08362076633561778 1.514289034456429 0.09949814172949743 1 1325.8009 361.96234 1
 0.08381141535560468 1.514141190054025 0.09843561869579551 1 1302.182 133.38666 1
 0.08426366681947643 1.513943639354854 0.09792991159144011 1 1217.0565 19.127066 1
 0.08493828650187508 1.51383355005477 0.09792570929820639 1 1069.6261 13.751465 1
 0.08570725049181011 1.513663069980738 0.09834421661809373 1 894.2154 108.46888 1
 0.08624219038900835 1.513509627512155 0.09923179640034975 1 766.94586 319.1959 1
 0.08629962073988376 1.513311691955433 0.1001658240663977 1 753.0273999999999 546.45825 1
 0.08543545032617059 1.513402333497331 0.1014341596120798 1 948.7342 828.61536 1
 0.08491095025841396 1.513637035576737 0.1010848488666418 1 1061.779 734.9746 1
 0.08467056432697313 1.513730076389362 0.1002036749350119 1 1118.678 535.37396 1
 0.08480942867665855 1.513480233516967 0.09925448328769046 1 1104.0182 328.21405 1
 0.08532521832962936 1.513182153536107 0.09870778418476733 1 996.4248 204.16063 1
 0.08613645831731591 1.51304867089014 0.09850964301329608 1 802.65985 155.95396 1
 0.08701805633479806 1.513067718943964 0.09842770588385076 1 583.11206 133.16792 1
 0.08777683053088903 1.512594765084462 0.09828185803848193 1 385.7286 102.40415 1
 0.08812648136349441 1.511675125016837 0.09809880873218395 1 267.9114 63.559803 1
 0.08811195514906055 1.510763561135027 0.0979779353867631 1 239.43079 35.65154 1
 0.08802755182222419 1.509956837842083 0.09823615631277113 1 233.27171 129.75697 1
 0.08785328797226276 1.509237468685973 0.09880255241400797 1 264.22617 351.86588 1
 0.08762013458268446 1.508759586778824 0.09959605512111323 1 339.27994 679.397 1
 0.08736894036381128 1.508624315252997 0.1005120740079184 1 441.98822 1029.1764 1
 0.08789099344918289 1.510689978372683 0.09842645380312745 1 305.1327 174.59708 1
 0.08820854188147266 1.51088066980356 0.09991680963165306 1 223.67418 616.8431399999999 1
 0.08832679783489857 1.510891754222424 0.1015602605573678 1 213.24086 1077.4249 1
 0.08845656123349342 1.514233676324103 0.09959244658993058 1 263.34253 380.76617 1
 0.08822649240612482 1.514218077295141 0.09861018020593451 1 312.30637 159.88066 1
 0.08772977582702739 1.514229913806705 0.09811040601960819 1 424.84528 46.18591 1
 0.08715644747812779 1.514271256185736 0.0983452964160295 1 554.47064 99.37857 1
 0.08662058637960261 1.514342278008664 0.09915782770105093 1 672.66296 280.0888 1
 0.08623489485585724 1.514353041395203 0.1002893472974845 1 755.3152 527.63873 1
 0.0860807932100104 1.514238707647199 0.1013516200199332 1 788.3918 759.3607 1
 0.08623180711575994 1.514052222102527 0.1022159938540415 1 757.374 950.8142 1
 0.08663650995518908 1.513936803697185 0.1027042089550129 1 671.3632 1059.431 1
 0.08717822612018826 1.513819762395377 0.102704584860028 1 554.16077 1070.2516 1
 0.08768398271518475 1.513705873354052 0.1023869640591309 1 440.66983 1015.1153 1
 0.08793456180523694 1.513615732055549 0.1015983851063148 1 377.60577 854.2174 1
 0.08777074352663769 1.513595209636768 0.1007514405576689 1 409.4389 668.0066 1
 0.08721610983802115 1.513580849168983 0.09999287907055511 1 535.81415 494.68335 1
 0.08656932591945271 1.513522717543409 0.09981663949093861 1 687.9503999999999 455.93115 1
 0.08609989077691038 1.513426180904569 0.100609816168688 1 797.6449 643.2261999999999 1
 0.08563780471125307 1.513252794218973 0.101913606297372 1 904.1996 944.04974 1
 0.08506685702710742 1.513248111277482 0.1031830216045583 1 1022.538 1199 1
 0.08390973057452172 1.513711252580457 0.102945926449792 1 1257.1351 1110.9368 1
 0.08395518646325613 1.513928684140527 0.1018332158724099 1 1250.2622 871.783 1
 0.08409649035756012 1.514004661248774 0.1006182350734302 1 1228.8022 612.7748 1
 0.08422764111314977 1.513980358735965 0.09936503915996793 1 1212.5537 340.15494 1
 0.08426714949406124 1.513843491599451 0.09818839143221919 1 1219.4187 78.19753 1
 0.08521032000879684 1.511659978327886 0.09871721913487604 1 1085.071 242.26303 1
 0.08532082115393938 1.511457884253454 0.09987531084609212 1 1053.9617 569.2821 1
 0.08520271020225481 1.511425309078982 0.1010388607757799 1 1077.4133 880.9049 1
 0.08490463284667037 1.511398315534815 0.1021129735232592 1 1145.9354 1149.4108 1
 0.08523999538337747 1.509467063539957 0.09955118793711512 1 1189.8248 600.5699499999999 1
 0.08520334913820017 1.509876229132032 0.09827261020877208 1 1189.7217 150.50557 1
 0.08503609080487665 1.508346111960888 0.09870277205330803 1 1371.7816 365.82288 1
 0.08499595804986144 1.508173304782301 0.09982454255936249 1 1381.3109 818.7555 1
 0.0862947162242125 1.508853760773714 0.1006940096883497 1 839.38617 1057.1443 1
 0.08677457950303868 1.508866083995748 0.09974201252684466 1 662.2132 722.90283 1
 0.08721576763301332 1.508779932908699 0.09877175325271774 1 491.61978 363.663 1
 0.087614637939538 1.508674931875358 0.09787313448240202 1 331.38913 13.65344 1
 0.08533231900889141 1.510538235785688 0.09810136849080699 1 1110.1193 81.1974 1
 0.08562775507877433 1.510357853419417 0.09889423061142313 1 1020.00006 336.0407 1
 0.08614769281474302 1.51016174385789 0.09922430735950639 1 858.2224 449.3354 1
 0.08666314804948673 1.51011290871468 0.09898860276614337 1 691.0811 375.07788 1
 0.08701072164356315 1.510259819393275 0.09829619549639569 1 578.18915 143.38023 1
 0.08612410776810045 1.512196860400573 0.09808483887051529 1 823.2145 56.89028 1
 0.08588449250904003 1.512494090597387 0.09937752698343302 1 873.0643 388.97385 1
 0.08539059957161391 1.512710091237786 0.1001355431383744 1 987.1304 568.5531999999999 1
 0.08491905298298447 1.512985156094296 0.1001071260073399 1 1091.846 547.86554 1
 0.08456645406365014 1.513465362769324 0.09943794037084674 1 1159.4348 371.92633 1
 0.08442438755771793 1.513623027635331 0.09853887553637437 1 1191.8767 160.60754 1
 0.08359127579984101 1.514121721724129 0.09861569539377291 1 1348.9194 174.70435 1
 0.0838783742377834 1.514097602763989 0.09913745585691601 1 1284.225 288.25122 1
 0.08440385157321584 1.513836196578978 0.09894714091129039 1 1183.3798 249.85019 1
 0.085017626874241 1.51355119244475 0.09830645283418162 1 1059.4814 104.07223 1
 0.08708028016817271 1.509641187959079 0.09868138706422684 1 550.43396 289.91104 1
 0.0871829246906808 1.509259666329076 0.09938248613647672 1 510.94955 560.6674 1
 0.08738985839222921 1.508836855983904 0.0995943509961341 1 428.73334 673.0909 1
 0.08770528482690201 1.508541210956922 0.09928702886461585 1 295.22015 582.32825 1
 0.08805867707870486 1.508325164015094 0.09866120249118591 1 136.83698 344.46158 1
 0.08836640785645378 1.508277872934278 0.09785852742200021 1 5.953129 14.313522 1
 0.08585134624400603 1.50841240332879 0.09842450052416281 1 1047.4144 245.5919 1
 0.08545669163817743 1.508275308437839 0.09887702739607993 1 1210.2201 438.63556 1
 0.08500980683987673 1.508150253069378 0.09856906161470819 1 1405.5898 323.35037 1
 0.08464170911730237 1.508085494988136 0.09792411310890162 1 1569.6687 64.97028 1
 0.08434771745743873 1.514024699477868 0.09833872049774905 1 1191.8087 109.788376 1
 0.08386696800863684 1.514070550946347 0.09807900864712475 1 1296.814 54.792706 1
 0.08504404499970074 1.514112276657533 0.0979487242839725 1 1035.9043 17.176598 1
 0.0856707170179606 1.51388970842872 0.09809509625931863 1 898.8282 48.599876 1
 0.08694692209548369 1.510697785860688 0.09923997719809206 1 597.2193 424.1141 1
 0.08657575583066518 1.510802856212756 0.1005651667751001 1 709.4160000000001 810.5783699999999 1
 0.08625893351218956 1.511240833937729 0.1013750663774027 1 792.90485 990.0164 1
 0.08612782732960043 1.511865206396037 0.101485669523236 1 816.0351000000001 960.4425 1
 0.08617788574592608 1.512429839568733 0.1010323807181454 1 793.9451 805.1977000000001 1
 0.08634447971542468 1.512728562810182 0.1002022072088825 1 749.3252 584.36743 1
 0.08652853344626607 1.512900513147055 0.09913205442622146 1 704.15576 312.615 1
 0.08665833680395592 1.512971645354136 0.09808346631234265 1 674.5203 48.737682 1
 0.08766978740384306 1.512293924887108 0.0992562740279183 1 408.17697 364.10416 1
 0.08758444994931545 1.512211367865795 0.1001821917170867 1 431.72778 609.0983 1
 0.08746945302953468 1.512241838651599 0.1009962904391693 1 466.01852 813.31384 1
 0.08734365326202358 1.512275089577932 0.1016830546262042 1 502.71268 975.9951 1


