# Created by Octave 4.0.0, Thu May 23 15:02:44 2024 PDT <caveman@RiffellCave1>
# name: corresp
# type: matrix
# rows: 432
# columns: 7
 0.08423585091896481 1.508244980935157 0.105343723217407 1 351.79993 178.84962 1
 0.08489306803923852 1.508237155837473 0.1052301570826551 1 560.2392599999999 224.08958 1
 0.08558075143113532 1.5081566315523 0.105141435953639 1 785.9255000000001 261.4565 1
 0.08629180968961893 1.508129096573189 0.1050928055119654 1 1028.1704 291.20764 1
 0.08695631491822566 1.508134785811074 0.1050719175795303 1 1253.5958 314.05777 1
 0.08753723766680464 1.508077013205758 0.1050637721632916 1 1450.8469 329.27267 1
 0.08808371656741353 1.508009931430403 0.105020729557491 1 1632.9834 355.97565 1
 0.0856987166601401 1.508550712489487 0.1047768016046225 1 823.1064 399.2703 1
 0.08507696474002138 1.508520739018254 0.1048542117288789 1 623.25464 362.02216 1
 0.08453711745098084 1.508581970842009 0.1049560736107566 1 458.3224 323.05603 1
 0.08408813519966214 1.508635794187891 0.1050776888197184 1 328.2995 281.03006 1
 0.08378114885312624 1.50866318512339 0.1052571709360607 1 244.70682 223.66628 1
 0.08365113842167521 1.508657988077891 0.1054654510731716 1 211.67499 158.81804 1
 0.08367459026951647 1.508623624886021 0.1056688982652823 1 222.34953 95.48694 1
 0.08416860193164867 1.508539761085748 0.1058691987485722 1 368.13943 32.70232 1
 0.08463116747793288 1.50858569964964 0.1058710769204506 1 511.9204 39.41786 1
 0.08516368900723011 1.508602266186538 0.1058255272838272 1 677.04785 60.95788 1
 0.08573722942533098 1.508573357867926 0.1057952701771703 1 857.34344 77.53864 1
 0.08633773228799206 1.508545461789222 0.1057796050025475 1 1049.2035 92.55584 1
 0.08690987633790313 1.508537634335587 0.1057902034080697 1 1231.1572 101.85883 1
 0.08740543541064501 1.508494244098451 0.1057901642385228 1 1389.9828 111.73858 1
 0.08786232792382301 1.508497006249973 0.1057935322254616 1 1528.5552 124.16279 1
 0.08823741866239278 1.508497634328751 0.1058178220346881 1 1640.0005 128.18988 1
 0.08849634953897076 1.508515972707547 0.1058985030907431 1 1713.4103 113.04025 1
 0.08859359685293755 1.508545579894584 0.1060519052920723 1 1738.3683 72.40948 1
 0.0885299959703974 1.508586884537607 0.106261011401999 1 1716.6884 11.630773 1
 0.08788695403118744 1.509651997806856 0.1064686557733932 1 1460.2218 7.698858 1
 0.08735106502085509 1.509669576644134 0.1064137492173531 1 1316.5905 9.237145999999999 1
 0.0854777940349661 1.509739911568944 0.1062451794443692 1 802.14764 23.904829 1
 0.08433794395339832 1.510103332494936 0.1057868926177762 1 500.55295 151.26137 1
 0.08687111843290359 1.509764012945354 0.105395149489721 1 1170.5282 278.60022 1
 0.08748757678898671 1.509775982437998 0.105302815591687 1 1336.1133 316.08722 1
 0.08801873861293841 1.50980614257969 0.105221966369123 1 1474.1371 348.78043 1
 0.08841326701219634 1.509829998458498 0.1051790703353623 1 1573.296 369.82693 1
 0.08871601710216705 1.509855945373586 0.1050956854776521 1 1646.0529 399.4228 1
 0.08875122339362677 1.509884204987833 0.1049810067214021 1 1652.4957 433.1421 1
 0.08844799530122753 1.509838212782762 0.1048974093218284 1 1577.8995 446.69702 1
 0.08803530808798349 1.509814496022541 0.1047717565710429 1 1471.7513 472.4829 1
 0.0875070068637008 1.509833208035888 0.1046766399749901 1 1329.7827 488.99582 1
 0.08685892055641395 1.509825373065499 0.1046358554668558 1 1153.9171 488.45142 1
 0.0861458574284608 1.509801477181464 0.104580801014936 1 956.6579 491.15375 1
 0.08543770917963911 1.509790490287934 0.1045115855701613 1 759.05206 498.46982 1
 0.08481782777458804 1.509810880194242 0.1044090764960738 1 587.6607 516.49146 1
 0.08428911074809867 1.509827170314386 0.1043061757899782 1 444.26877 537.0869 1
 0.08387231266001235 1.509910289556956 0.1042031244250896 1 338.5187 559.0028 1
 0.08360966966208815 1.510004353922438 0.1040871792947731 1 276.29785 586.18475 1
 0.08357711170535849 1.510066287103257 0.1039455351160602 1 270.4556 623.1512 1
 0.08372846756520928 1.510088855511893 0.1038138953248673 1 307.86627 660.55444 1
 0.08402000631560823 1.510070176289473 0.1036902448237371 1 378.58807 699.3042 1
 0.08441928045643804 1.510019226963696 0.1036032994591295 1 477.7482 729.49005 1
 0.08496087177410967 1.509949388666845 0.1035058464323168 1 616.8994 766.6939 1
 0.08556190994700857 1.509882501386556 0.1034732233675533 1 777.82874 787.53467 1
 0.08622830173330209 1.509871904250404 0.1034535294769063 1 960.34015 804.2133 1
 0.08689183239172464 1.509874194331682 0.1034220966762165 1 1141.3003 822.7121 1
 0.08748645973192166 1.509864602161808 0.1034185998880368 1 1301.8688 832.10126 1
 0.08799851672181183 1.509813561646467 0.1033914394150192 1 1439.4913 847.228 1
 0.08808673053743946 1.50963719914241 0.1027847701399772 1 1460.3866 1017.9969 1
 0.08750539697898502 1.50955588195718 0.1027553743357957 1 1307.7692 1024.579 1
 0.0868455988520322 1.509532402853421 0.1027362862759798 1 1124.7377 1023.34076 1
 0.08618615331916317 1.509584443478813 0.1026924028671153 1 937.2859999999999 1023.3974 1
 0.085554822722504 1.509650521273219 0.1026183671619565 1 759.50464 1029.5931 1
 0.08498785323348046 1.509779442590207 0.1025660772999398 1 606.3424 1025.8893 1
 0.08449806357234799 1.509883484353794 0.1025268451687238 1 479.3317 1021.58844 1
 0.0840771082885565 1.509916781983446 0.1025073777107179 1 371.83868 1015.84247 1
 0.08381862813275262 1.509960730949242 0.1024831864109749 1 308.62967 1014.13324 1
 0.0838765009774214 1.510002656170992 0.1023750682111933 1 325.29697 1041.3561 1
 0.08415967395941817 1.510025661760297 0.1022393923139671 1 397.41672 1081.4313 1
 0.08458024390580313 1.509983422719519 0.1020878912597638 1 502.10095 1131.9036 1
 0.0851600275751833 1.509926479858388 0.1018911795649652 1 649.7947 1195.3877 1
 0.08363736242803541 1.512071950769425 0.1012567111095377 1 377.8082 1188.1417 1
 0.08390080202891945 1.511940022084445 0.1015007954474215 1 427.101 1150.0519 1
 0.08429702444496318 1.511798438354415 0.1017294217241407 1 506.2455 1116.4373 1
 0.08487283294953463 1.511710665515676 0.1018455826399754 1 629.3875 1105.6467 1
 0.08555544942634477 1.511761830508257 0.1019325680216457 1 781.96234 1095.1204 1
 0.08623763685315726 1.511840870543692 0.1020374504758185 1 934.63513 1078.0789 1
 0.08689680992055134 1.511871635581271 0.1021011102059392 1 1080.324 1070.424 1
 0.08748876793899185 1.511883906381684 0.1021473887570545 1 1209.6111 1065.5194 1
 0.08795809196496626 1.511867670636256 0.1022428959940296 1 1312.5494 1049.5476 1
 0.08821654725835837 1.511872339829502 0.1024580720090203 1 1371.1953 1004.73444 1
 0.08810405199365684 1.511727907051778 0.1029415751330925 1 1361.1759 904.46686 1
 0.08785902659202621 1.511681856093126 0.1030912820067832 1 1312.0492 870.2008 1
 0.08746627675906743 1.511645438405976 0.1032129413323248 1 1228.2169 840.2899 1
 0.08696495147754961 1.511613352852652 0.1032872415654676 1 1117.4084 817.8506 1
 0.08638996903168028 1.511586084134046 0.1033077319101243 1 987.1808 806.5395 1
 0.08577926302746222 1.511601324605726 0.1033021663231462 1 847.5254 799.25336 1
 0.08519449260790907 1.51162564269378 0.1032122984108892 1 713.5164 811.3745 1
 0.08463328415332357 1.51159693856857 0.1030769944280433 1 584.9233400000001 833.8103 1
 0.08414683769468924 1.511654447114063 0.1029812502156561 1 478.18906 846.19434 1
 0.08372539135236139 1.511763552480031 0.1029990248811335 1 392.08908 832.96405 1
 0.0834407506064937 1.511883620394827 0.1031192283940812 1 338.5827 799.55743 1
 0.0833032897236194 1.511979457274255 0.1033751317258891 1 317.923 740.5015 1
 0.08324427415493245 1.511981130481266 0.1037618045008229 1 309.89246 656.1642000000001 1
 0.08337913447934482 1.51198574588257 0.1040717899721772 1 341.76242 590.42206 1
 0.08368752600858601 1.512003160329251 0.1042910335696113 1 409.8965 546.8249 1
 0.08419989155358085 1.511998888093034 0.1043802305626847 1 519.7288 533.8634 1
 0.08483302838080667 1.512007610112181 0.1044464658249348 1 657.47284 527.08887 1
 0.08550673153986493 1.511966986615848 0.104532880488184 1 805.86957 516.7719 1
 0.08623889036749385 1.511914264573728 0.1046107508687945 1 969.05 508.7067 1
 0.08692969679605077 1.511930058506033 0.1047661717905206 1 1123.7577 483.9345 1
 0.08760183548969767 1.5120418057696 0.1049037694737206 1 1268.5892 464.52145 1
 0.088139468185613 1.512085153913211 0.1050735743644805 1 1382.9479 436.16214 1
 0.08850924848844359 1.512045834641673 0.1052572443612083 1 1463.2875 401.21106 1
 0.08869656493627975 1.512030746547659 0.1054903845421765 1 1504.8646 354.18024 1
 0.08860262452153364 1.511993832133421 0.1057928265734473 1 1489.9811 287.37057 1
 0.08829618686146558 1.511914091821203 0.1060141133222802 1 1432.0925 232.48967 1
 0.08784521723972639 1.511780348571911 0.1060929947879222 1 1342.7355 202.868 1
 0.08726280331100875 1.511658518697408 0.106090684000026 1 1219.574 188.79906 1
 0.08664150527165122 1.511620696525603 0.1060191325319749 1 1080.7327 193.2926 1
 0.08599889742879654 1.511617375925961 0.1059152204895831 1 934.2061 207.01236 1
 0.08529709979551059 1.511658574630632 0.1058956072488741 1 775.79 203.8151 1
 0.0833878257372154 1.511886280651006 0.1068193277034881 1 386.83664 2.2476723 1
 0.08449044747360693 1.512969094902922 0.1070152719350311 1 647.66516 22.147722 1
 0.0839293584916095 1.513099873184315 0.106842377095478 1 539.9395 56.76296 1
 0.08347798152059388 1.513163983541296 0.106748894853715 1 455.08194 74.10639999999999 1
 0.08351443352971269 1.51344592632093 0.1063676259602207 1 465.596 156.70834 1
 0.08394845782552582 1.513456443547359 0.1061992282273429 1 543.9149 192.01782 1
 0.08446053381821192 1.513545034887531 0.1061015048021758 1 640.6078 217.33273 1
 0.08508378298009947 1.513532703110515 0.1060317421367081 1 757.4752 236.16089 1
 0.0857716089380795 1.513460783419026 0.1060276165497943 1 888.57166 242.22151 1
 0.08653071227192362 1.513358377522202 0.1060199721768082 1 1035.4194 249.7174 1
 0.08881655302016679 1.513215713614249 0.105917836426484 1 1474.2037 297.48993 1
 0.08914787740321832 1.513285880126076 0.1057833750773636 1 1530.6771 329.74084 1
 0.08925238483419623 1.513295952700372 0.1056211261790567 1 1548.0009 361.7064 1
 0.08909629282300612 1.513255605424834 0.1054840590394175 1 1520.3683 385.3863 1
 0.08871602325204511 1.513268135107974 0.1053754098223379 1 1449.1508 401.28943 1
 0.08813674823131108 1.513259212908668 0.105285687859843 1 1339.2148 410.28436 1
 0.08744066277004731 1.513240083103791 0.1051925854813961 1 1205.1794 419.2255 1
 0.08670989278994272 1.513191177621347 0.1050712450483568 1 1061.6527 433.10187 1
 0.08594206187229417 1.513165603467578 0.1049778054453959 1 908.55664 442.0004 1
 0.08522676690157859 1.513178300135861 0.1048365632939499 1 764.9278 461.41934 1
 0.08458315646933917 1.513210757447115 0.1047073653792554 1 637.45807 480.4704 1
 0.08409033427918627 1.513235911379744 0.1045352233250245 1 540.3044 509.18536 1
 0.08372627380356602 1.513236177779645 0.1043745983030047 1 468.60233 536.5504 1
 0.08346114268855089 1.51331401872212 0.1042712875660404 1 420.33383 553.95685 1
 0.08337532498956478 1.513388490876663 0.104108667665681 1 405.3741 584.4779 1
 0.08351826748129366 1.513466559174343 0.1039583302415223 1 433.35815 615.2481 1
 0.08388279015347655 1.513495437755718 0.1038301515590997 1 500.93356 644.25543 1
 0.08436671133499273 1.513388309866391 0.1038123704685175 1 589.2508 654.092 1
 0.08499506501533273 1.513329390742183 0.1038270304629232 1 709.2590300000001 658.82104 1
 0.08570029830267564 1.513260370008308 0.1038385623135993 1 847.1031 665.6346 1
 0.08644104807917002 1.513311659609898 0.1038098826195156 1 992.5133 679.71484 1
 0.08716047234743379 1.513326694712875 0.1037276670451019 1 1131.9819 703.8167 1
 0.08786220783228757 1.513274945725605 0.1035596578282408 1 1266.7836 744.51184 1
 0.08843098643962198 1.513273269370918 0.1034764560802943 1 1374.0292 766.32745 1
 0.0888329725220315 1.513298721008393 0.1034112992927982 1 1447.216 782.17285 1
 0.08902611638286381 1.513396752138412 0.1033259337933472 1 1477.5793 798.5768 1
 0.08899058874145528 1.513392979301585 0.1031720427973299 1 1469.2366 826.6901 1
 0.08873968582285698 1.513319668210944 0.1030167357416422 1 1423.7107 856.5163 1
 0.08831450427683099 1.513212847877924 0.1028424383717522 1 1345.426 888.89307 1
 0.08776684655959412 1.513097427246236 0.1026716344910266 1 1241.3126 920.3142 1
 0.08712936004455353 1.51308034153396 0.1025386209680448 1 1114.938 941.1326 1
 0.08642590774108315 1.513068154510215 0.1024693715917234 1 974.8585 947.735 1
 0.08571173039360785 1.513139979707093 0.1024232870832927 1 832.674 946.4278 1
 0.08501154978926928 1.51323405724451 0.1024162486884419 1 696.7163 937.3381000000001 1
 0.08444465910972287 1.513306538863715 0.1022772491651885 1 587.17926 953.3920000000001 1
 0.08398478895346742 1.513391751509821 0.1021755449020084 1 501.835 963.7079 1
 0.08364587472397357 1.513432245023783 0.1020901392048696 1 439.59726 973.5438 1
 0.08347125807980769 1.513463624282536 0.1019216998704475 1 407.71515 1001.1735 1
 0.08339293665517732 1.513496429609702 0.1017800658411919 1 393.9394 1024.9917 1
 0.08350076951065911 1.513522331717117 0.1016092642841321 1 413.76987 1057.0676 1
 0.08380234466247927 1.513490342215022 0.1015212818205832 1 467.32687 1079.3302 1
 0.08489613936638692 1.513381738650463 0.1013579786573285 1 667.8124 1129.6755 1
 0.08558243404661463 1.513298043314305 0.1013113779795537 1 797.6688 1151.0596 1
 0.08628304406064081 1.513262665878459 0.1012681861909335 1 932.35126 1168.732 1
 0.08695692339042337 1.51315625415568 0.1011656196647781 1 1061.84 1197.0167 1
 0.08536384114433337 1.514385543602124 0.1007795329149503 1 763.6131 1194.8605 1
 0.08469974839185831 1.514406938396888 0.1008744914184487 1 648.63995 1169.9288 1
 0.08415008139019547 1.514435972349942 0.1009375583352129 1 554.5272 1150.6123 1
 0.08370455986198345 1.514452842778358 0.101080319211786 1 479.44403 1119.553 1
 0.08339874483403945 1.514461941991295 0.1012590662581386 1 428.74313 1084.5385 1
 0.08326033078785366 1.514434165288367 0.1014917026553335 1 405.3825 1043.8242 1
 0.0833368267405929 1.514428020581423 0.1016653722142998 1 418.91556 1015.5332 1
 0.08361599653105717 1.514416628635871 0.1017532260949574 1 466.58423 1004.8029 1
 0.08401785062231519 1.514335675330892 0.1018641488846594 1 534.27637 993.3721 1
 0.08457117707071476 1.514316934553266 0.1019209722352507 1 631.36304 991.30475 1
 0.08526822080229993 1.51422454479672 0.1018516635879889 1 753.8492 1014.89294 1
 0.08596180469929064 1.514214853090708 0.1019033515595196 1 879.3481 1013.7898 1
 0.08663159964120067 1.51429497568949 0.1020201896332839 1 1001.09576 997.3764 1
 0.08872822560749931 1.514196447116527 0.1023178442227966 1 1378.7812 964.1101 1
 0.0889223482860725 1.514188921772904 0.1024743081781481 1 1414.9607 937.8034699999999 1
 0.08891608010535763 1.514168205099863 0.1026633113617733 1 1417.0659 904.816 1
 0.08870018581330961 1.514183412981269 0.102832681499128 1 1381.356 872.4937 1
 0.08835061350810659 1.51417281171709 0.1029015973261487 1 1321.2072 857.9792 1
 0.08785791401917292 1.514197449070945 0.1029489677272045 1 1233.6246 844.9523 1
 0.0872403044246782 1.514176297591335 0.1029748139303479 1 1123.1876 835.03796 1
 0.08652270250272262 1.514206727975109 0.1030094118909162 1 992.8761 821.2356600000001 1
 0.08507444186504842 1.514338611068448 0.1029817998225241 1 730.6741 808.0997 1
 0.08442359303094145 1.514358501608814 0.1030383445479096 1 615.3026 790.04346 1
 0.08390134291028982 1.514384504666492 0.1030841466505283 1 524.6119 775.1926999999999 1
 0.08351424574426466 1.514398953310331 0.103179113626547 1 458.56592 753.27637 1
 0.08326495205745234 1.51439207789638 0.1033685399654682 1 417.03632 716.61884 1
 0.0832236689020667 1.514339328018291 0.1036031926045481 1 410.19653 674.8172 1
 0.0837499491333592 1.514334578945341 0.1038970011375351 1 504.3437 628.2637999999999 1
 0.0842044291745148 1.514314295637568 0.1040160175213749 1 585.2033699999999 611.8637 1
 0.08475017297250181 1.514308476520842 0.1041394662691019 1 684.0127 595.462 1
 0.08540493110345314 1.514209879343484 0.1041790612897393 1 801.71246 594.8634 1
 0.0861042645199286 1.514180386684351 0.1042531936805277 1 930.4892599999999 589.5119999999999 1
 0.08682512939597557 1.514202148223025 0.1043240651400556 1 1063.0333 584.38293 1
 0.08749827358201051 1.514196055026072 0.1043842431593362 1 1185.8381 580.84924 1
 0.08806455587507035 1.514169032580296 0.1044980216610722 1 1289.2577 566.3481 1
 0.0885239828402667 1.51414590583582 0.1046407616333076 1 1372.9429 545.42993 1
 0.08885222990652555 1.514127611583834 0.1048159435832821 1 1432.8793 517.2645 1
 0.08895109608341889 1.514116924817731 0.1050766486822244 1 1453.0038 471.13306 1
 0.0887621463640761 1.514098157496046 0.1053041448660208 1 1422.6104 427.29428 1
 0.08837880097811178 1.514126421642712 0.1054164511602472 1 1355.3088 402.58917 1
 0.08782729482125042 1.514149082788044 0.1054939147444898 1 1257.2272 382.11066 1
 0.08718500239281826 1.514177807465428 0.1055353360593198 1 1141.3545 367.25565 1
 0.08652070824192151 1.514209032603268 0.1055480304531221 1 1020.65625 357.77487 1
 0.08590082944649841 1.514238546793629 0.1055234183210898 1 907.62384 355.92535 1
 0.08533670320114868 1.514265283536024 0.1055139866376425 1 805.4257 352.26953 1
 0.08485518498778498 1.514285932708565 0.1055432570744765 1 719.3042 342.59756 1
 0.08448065396874355 1.514226651031843 0.1056000875011564 1 651.76526 327.43408 1
 0.0841809137589726 1.514171686053256 0.1056750518316384 1 597.7904 309.84857 1
 0.0838679135821932 1.514197395019381 0.1058749997133199 1 545.3784000000001 271.76678 1
 0.0836183946326457 1.514233030084754 0.1061160726910141 1 506.16043 228.13995 1
 0.08358837996861025 1.514294362511832 0.1063703688662701 1 506.4608 184.9588 1
 0.08396746528381069 1.514242169708062 0.1064157589178704 1 572.3259 178.22028 1
 0.08451694439531918 1.514196969654128 0.1064722278907654 1 669.11456 170.94278 1
 0.08513202835674497 1.514148881281275 0.1066154141212614 1 780.8103599999999 149.46106 1
 0.08586763814795362 1.514015834108537 0.1066989805335515 1 914.9963 137.55495 1
 0.08660917897918465 1.513969836958855 0.1068370719130206 1 1052.4869 119.698875 1
 0.08724964064307124 1.514029327540767 0.1070878218035785 1 1170.1603 85.66343999999999 1
 0.08782905017506529 1.514082374524624 0.107274846792497 1 1273.7258 63.323296 1
 0.08833569454668654 1.51403808625142 0.1073736666568165 1 1364.6586 52.19379 1
 0.0886499775613432 1.514060258214881 0.107531091374646 1 1419.1648 31.112816 1
 0.08876561392916989 1.51405292072658 0.1076637112816639 1 1439.8108 10.025024 1
 0.08814918534576378 1.509228688697813 0.1062932687630391 1 1557.1971 34.612965 1
 0.08821950479629644 1.509157935746666 0.1054800709954783 1 1576.1986 260.51236 1
 0.08797698415153814 1.510042751343626 0.1021037318667048 1 1393.2119 1172.0381 1
 0.08789758102238554 1.510112210384879 0.1032495155296972 1 1393.9415 875.0955 1
 0.08773784984603682 1.510127470029313 0.1053184867921289 1 1384.048 328.2065 1
 0.08773763258462902 1.510709769259827 0.1066518307898074 1 1368.3159 25.107822 1
 0.08793702779767569 1.510690755063137 0.1049453355157898 1 1400.446 438.7809 1
 0.08799684455851942 1.510658269927402 0.1040403965841839 1 1403.6987 665.54944 1
 0.08804471365140323 1.51062215556427 0.103094118016166 1 1401.0356 900.84076 1
 0.0880829905498287 1.510570649915385 0.1021419509252734 1 1393.5557 1133.5237 1
 0.08755873462798681 1.511320677504504 0.1019585772463603 1 1238.2233 1133.2693 1
 0.08746408573598997 1.511325354674576 0.1030355961932193 1 1234.7292 889.09924 1
 0.0874079333351061 1.511366577067404 0.104058866601533 1 1236.2118 649.354 1
 0.0873904084693726 1.511375472754283 0.1050195100853536 1 1244.7722 425.49185 1
 0.08738854473584326 1.511377468602704 0.1059292033301619 1 1255.1498 215.11255 1
 0.08742741311182176 1.511419876762078 0.1067694773462777 1 1270.0463 32.184277 1
 0.08751664012552555 1.512703999710544 0.1068470986574879 1 1250.042 79.49621 1
 0.08761449568514952 1.512725793571089 0.1061243296081411 1 1262.7205 224.91805 1
 0.08770447140514732 1.512733114296087 0.1053569902390919 1 1272.9982 380.99258 1
 0.08778884798114862 1.512729985207138 0.1045600485949469 1 1281.2336 545.5995 1
 0.08783651633385875 1.512674105878871 0.1037536447791501 1 1282.546 711.9085 1
 0.08786520323106958 1.512685397235554 0.1029431060908939 1 1276.6178 877.60956 1
 0.08792176738937241 1.512689580237275 0.1020634992999136 1 1274.6608 1054.2009 1
 0.08796540466315 1.513744318768529 0.1024341328418586 1 1258.042 949.95026 1
 0.08792866270076934 1.513753813389421 0.1034305277861091 1 1264.0739 764.2179599999999 1
 0.08788602285289222 1.513763450148314 0.1044023024638769 1 1267.3507 580.1646 1
 0.08782452427307531 1.513829225982889 0.105374135428959 1 1264.2155 398.72147 1
 0.08775329909018383 1.513859079368887 0.1062654099751779 1 1258.4889 234.19365 1
 0.08768311094162654 1.513901076882693 0.1070528467065977 1 1250.921 92.910965 1
 0.08605913679759829 1.508481939042859 0.1058130593233023 1 961.21423 71.90082 1
 0.08615709875564302 1.50850912542074 0.1051040175132337 1 978.97577 301.318 1
 0.08603238403611657 1.508899840925022 0.1055387950236158 1 945.2654 181.87036 1
 0.08606545416473944 1.509977375561327 0.1055795101854634 1 950.7736 223.2181 1
 0.08614403006165355 1.509994442109202 0.1046326040984839 1 956.3876299999999 479.7588 1
 0.08619264245948463 1.50999172276791 0.1036575625234436 1 953.5162 745.8112 1
 0.08623921084692826 1.509991419018948 0.1026618321474801 1 949.8549 1013.12036 1
 0.08656714367861176 1.510899533512701 0.1024623643514205 1 1023.0567 1027.0881 1
 0.08651370343799845 1.51085379990391 0.1036221726238553 1 1028.144 746.81934 1
 0.0864507958721082 1.510775690951291 0.1046933560219882 1 1029.7936 479.8315 1
 0.08634438053747862 1.510718677469831 0.1066085033199706 1 1031.359 9.753085 1
 0.08607144746050706 1.511716827786199 0.1065023049252439 1 958.199 82.80495000000001 1
 0.0862155454077036 1.511772010887835 0.1054130094681782 1 975.3344 326.97952 1
 0.08633622476464239 1.511773161094341 0.1042413241544048 1 986.586 592.1283 1
 0.08641159602368216 1.51183545066497 0.1031224742814963 1 987.70734 844.10315 1
 0.08648207459505604 1.511886859878014 0.1020048017521333 1 987.80414 1086.0476 1
 0.08650008696312939 1.51246438551012 0.1016240936438141 1 982.9364 1138.8751 1
 0.08649692955718342 1.512452650285608 0.102901811721631 1 998.7014 877.367 1
 0.08649765765706145 1.51244603392993 0.1041268736857976 1 1014.8015 619.2021999999999 1
 0.0864442982873905 1.512435609951458 0.1053193845090967 1 1018.7374 365.84058 1
 0.08634385490156729 1.512405814615717 0.1064014643882825 1 1011.20575 138.6441 1
 0.08587272516203924 1.513016876422252 0.1070781457998076 1 920.9343 26.19149 1
 0.08595601262859089 1.512997726737218 0.1061105230711421 1 925.5106 213.9263 1
 0.08604419000238987 1.512996491078833 0.1049918189809408 1 929.2388999999999 438.08646 1
 0.08612899983801565 1.51302427258938 0.103750657390526 1 930.9675999999999 689.8698000000001 1
 0.08618670128561878 1.513086262262052 0.1024963322743127 1 927.3169 940.2681 1
 0.08622895241204077 1.51313086218674 0.1012620872178727 1 921.8706 1175.3799 1
 0.0861418376657503 1.514124897175709 0.1019277740101651 1 912.12335 1014.251 1
 0.08607322769368574 1.514090266531591 0.1031888425719411 1 912.9486000000001 785.5891 1
 0.08597935047316511 1.514117245707589 0.1043828291542868 1 909.006 564.1239 1
 0.08585709927957876 1.514122867861031 0.1055012037752451 1 899.321 357.24475 1
 0.08575050375723578 1.51409068840067 0.1064694418228477 1 891.0131 179.87311 1
 0.08564354325861694 1.514096905395112 0.1073100183441061 1 881.36145 30.279713 1
 0.08395884657193962 1.508169841161828 0.105396424977089 1 260.07373 154.95177 1
 0.08517747012231058 1.509753225457531 0.1029213449535982 1 661.5713500000001 934.982 1
 0.08514561108403243 1.509621333133168 0.1041775280939032 1 667.7152 586.551 1
 0.08504070965629131 1.509521662117724 0.105362084241679 1 657.8211700000001 246.7072 1
 0.08471714126390766 1.510519131098206 0.1047224449172143 1 592.1352000000001 442.60327 1
 0.08485478714092545 1.510514995167782 0.1035729496650392 1 608.98096 738.19055 1
 0.0849303915127623 1.510495923819742 0.102428532674599 1 613.5603599999999 1027.6016 1
 0.08469828708210289 1.511351162241965 0.1016067611144083 1 578.3087 1172.5438 1
 0.08467236970671023 1.511306771184398 0.1028589446760324 1 582.1098 891.3142 1
 0.08462423797161517 1.511245860114347 0.1040455959360849 1 583.52014 613.35736 1
 0.08458510677515035 1.511180680694087 0.1050858995771825 1 588.4009 365.57196 1
 0.08440427776220558 1.512481805269575 0.1069961803807415 1 619.3931 4.2836075 1
 0.08453574694265079 1.512468342034403 0.1060666723268951 1 630.1375 188.77539 1
 0.08467179930654602 1.512513608562422 0.1049963023380256 1 642.88947 413.47537 1
 0.0847434346100313 1.512527104068636 0.1038821930463837 1 643.2562 648.34863 1
 0.08480274397981956 1.512482474040423 0.1026995838261598 1 641.4306 896.8311 1
 0.08483944575627385 1.512429519120866 0.1014843873131284 1 637.17773 1146.8354 1
 0.08452490017637714 1.512863355733079 0.1022731040027173 1 590.7086 969.16327 1
 0.08447728072588678 1.512825117771987 0.1035049463023143 1 592.351 720.74036 1
 0.08440377739928803 1.51281684743784 0.1047182418155591 1 592.1356 472.02362 1
 0.08432185590778606 1.512743911053517 0.1058100909025945 1 589.92596 247.93985 1
 0.08423944255882067 1.51273384644288 0.1067554519520692 1 588.4765 59.180508 1
 0.08431359276535577 1.514178386458034 0.1069068949973204 1 638.7025 92.20798000000001 1
 0.08441838130609382 1.514211323239993 0.1060047558396355 1 645.422 252.86086 1
 0.08451215669771842 1.514241607144635 0.1050120647496763 1 650.23376 434.21762 1
 0.08459182276135913 1.514284721723685 0.1039395981187237 1 652.8996 629.9085700000001 1
 0.08465317295802394 1.514256742673839 0.102805978837106 1 652.0769 836.5621 1
 0.08467667198870273 1.514235309608434 0.1016311624258313 1 646.3161 1046.4573 1
 0.08579996784683491 1.512019193215714 0.1017837153271779 1 836.3486 1118.4794 1
 0.08603318373117377 1.512070905692733 0.1021433942607035 1 891.2665 1043.5066 1
 0.08620336685393748 1.511968354107303 0.1030831762025511 1 940.5084000000001 846.20593 1
 0.0862203206116661 1.511916396213575 0.1035332487328262 1 950.3709 748.2243999999999 1
 0.08624593494265299 1.511946083066187 0.1040476909290798 1 962.96533 634.1476 1
 0.08619513351343634 1.511871405547464 0.1045939168922282 1 959.5123 511.47275 1
 0.08600902713924614 1.511420630386012 0.1051366456561395 1 925.70294 378.49344 1
 0.08583420781672105 1.511132323045663 0.1063413679964353 1 902.8939 85.95104000000001 1
 0.0872779523519486 1.509555433326907 0.1054061373966928 1 1290.7178 275.47385 1
 0.08713855316057238 1.51002322265936 0.1046941519866978 1 1224.226 480.59918 1
 0.08680543258996866 1.510595903141551 0.1043283071306604 1 1116.3671 575.6266000000001 1
 0.08635210365574086 1.511121658939181 0.10437768944979 1 997.6567 558.672 1
 0.08579103786603597 1.511536360316493 0.1046775455678361 1 869.10986 483.58224 1
 0.08521750268587971 1.511815608033083 0.1052182970262779 1 749.8045 358.3817 1
 0.0847706522371198 1.511996215564677 0.1060398936041166 1 668.11145 179.06555 1
 0.08450297042246226 1.508756588366777 0.1057049033547939 1 477.4118 100.14695 1
 0.08520154325980094 1.508745972248601 0.1051705304027874 1 677.7587 272.4488 1
 0.08592912875183824 1.508744153554594 0.1049158544706777 1 901.0605 365.06998 1
 0.08663191229001926 1.508744830870082 0.1049129976516749 1 1122.547 380.20395 1
 0.0872146219053708 1.508792102216606 0.1051516443657113 1 1304.8962 320.26886 1
 0.0856494368572143 1.511979186125745 0.1065085201348938 1 865.6867999999999 88.6751 1
 0.08514747864611043 1.512280285593199 0.1062234394018973 1 756.6866 155.80055 1
 0.08458820324135816 1.512682359701389 0.106376055594071 1 650.97845 135.13757 1
 0.08409868560617882 1.513126960463897 0.1069861712418984 1 575.6507 32.14692 1
 0.08709099692731405 1.512025816706617 0.1065100814617211 1 1176.802 111.05822 1
 0.08758839128773106 1.511589935287411 0.1058763903759723 1 1292.2103 239.33133 1
 0.08807318417870086 1.51026628206402 0.1057778711259839 1 1465.5803 222.04544 1
 0.08806096936005038 1.509491387376118 0.1062074540839934 1 1514.3882 71.90151 1
 0.08693606927796281 1.508985228575035 0.1052739090640026 1 1214.0803 283.4991 1
 0.08692592048124481 1.509277726867815 0.1040460583036655 1 1179.6693 656.7165 1
 0.08702548125358502 1.509503118943667 0.1028725308128807 1 1178.7739 989.1393 1
 0.08722274911592677 1.508403656582599 0.1050808389633101 1 1328.2969 327.24463 1
 0.08694139288274967 1.508798649185445 0.104876833911212 1 1216.5453 399.49524 1
 0.08677256293411455 1.509320389262002 0.1040829718509509 1 1134.3322 642.41595 1
 0.08647778319326437 1.509812877928253 0.1034310127630583 1 1029.4711 816.0536 1
 0.08608719635407282 1.510101658412789 0.103217647459591 1 917.606 859.5095 1
 0.08568461306216085 1.509950359570922 0.1036055321323281 1 814.12897 751.8599 1
 0.08526582686493385 1.509676727165728 0.1044838482400433 1 708.39355 501.90735 1
 0.08485190713364155 1.509163985130313 0.1052918568094526 1 589.8154 248.93735 1
 0.08455803833139496 1.508614022498428 0.1056541897083049 1 484.8622 106.75277 1
 0.08454431308547976 1.508412929004085 0.1054861512023633 1 464.44348 146.40837 1
 0.08476623693972227 1.508465322095632 0.1048562470159676 1 521.4516 354.32727 1
 0.08507898795036271 1.509306801590901 0.1032666279597388 1 624.40466 851.3847 1
 0.08501886769461386 1.509929201097144 0.102910788097137 1 623.9999 928.64703 1
 0.08485218543485958 1.510677227000017 0.102860123766972 1 604.78986 912.9822 1
 0.08465484590649576 1.511569477679825 0.1032653242969192 1 590.97565 792.03455 1
 0.08448546116528105 1.512073546384223 0.1040298252357833 1 578.6897 614.688 1
 0.08434526466556634 1.512234898490552 0.105011104732457 1 567.39124 401.88855 1
 0.08412342105292159 1.51226179320566 0.1060084370183126 1 538.2719 189.81969 1
 0.08377795524427373 1.512536329054234 0.1065540755867539 1 487.11316 86.53751 1
 0.08363461299657281 1.513954384778592 0.1041836280757114 1 474.7299 574.827 1
 0.08399980611496838 1.513944639445968 0.1033064396760212 1 531.48535 741.5913 1
 0.08451802879562026 1.513698789366302 0.1028055320947137 1 615.4433 845.3641 1
 0.08509643201568311 1.513412032365384 0.1027934067210233 1 719.4527 860.6147 1
 0.08564432584059849 1.51308896759827 0.1032200463893432 1 827.8751 789.8414299999999 1
 0.08592761623727745 1.512853130384224 0.1039714709334593 1 892.9546 643.7085 1
 0.08583189681089573 1.512608701617428 0.1046461588509602 1 881.1424 502.25916 1
 0.08552064706950226 1.512663416447553 0.1047635249339109 1 818.3440000000001 474.44125 1
 0.08529648211916439 1.51296425579505 0.1040019516093237 1 765.95966 629.41144 1
 0.08524406063266056 1.513225219708143 0.1029289651920453 1 746.69385 839.9262 1
 0.0854354341164613 1.513261013102508 0.1019170484165046 1 774.20654 1036.9497 1
 0.0858586540420383 1.51305976349506 0.101203024904991 1 848.50256 1185.4923 1
 0.08719825733368984 1.512393653668651 0.1016080443631503 1 1128.0602 1151.9435 1
 0.08763921243172955 1.512099564968844 0.1024134231546104 1 1239.8817 1002.1434 1
 0.0877524882235102 1.511748972301475 0.1033527353405583 1 1290.259 809.6607 1
 0.08753800750826257 1.51154581334032 0.1043205682009851 1 1263.4781 590.1421 1
 0.08705371135221948 1.511647329543541 0.1049791260902745 1 1160.1349 434.22516 1
 0.08654664961036741 1.51188526961491 0.1049535814939317 1 1042.1625 436.35367 1
 0.08635011671524591 1.512143635500056 0.1042453845210195 1 987.14075 591.8878999999999 1
 0.08650467295584936 1.512253190515848 0.1031256313375296 1 1004.78937 834.8326 1
 0.08685967697384307 1.512132847111476 0.1021976339781381 1 1069.6798 1039.0939 1
 0.08736268513218995 1.511741940771088 0.101870903908521 1 1181.3597 1129.9858 1
 0.08788049032627121 1.51122302488258 0.1020982288562917 1 1317.1222 1109.1528 1
 0.08822783382820779 1.510596213112331 0.1026886851116042 1 1438.2594 1002.0235 1
 0.08692700514430088 1.509450509494325 0.1051455522700439 1 1192.3776 338.1202 1
 0.08628174150364458 1.509902633089619 0.1053323578208689 1 1005.7656 290.06384 1
 0.08583865046791277 1.510577606517609 0.1048893779818481 1 879.9104 417.7386 1
 0.08569822437667766 1.511290958004572 0.1039092709252545 1 834.6817600000001 661.04865 1
 0.08578484411017419 1.511672424404977 0.1026233665320149 1 840.3162 950.5811 1
 0.08709786308632601 1.508802938753698 0.1029190119782339 1 1225.9738 1009.2447 1
 0.08617324293739098 1.50879594580509 0.1051812282114723 1 982.8545 288.89218 1
 0.08547475178880495 1.50890538755493 0.1059235544931197 1 782.47546 57.586155 1
 0.08443218757273273 1.508700431642591 0.1058096848941016 1 455.7436 64.34791 1
 0.08447794547539665 1.508597184404555 0.105073902699126 1 443.7967 285.74417 1
 0.08545263522662393 1.512342593642527 0.1019519165287405 1 767.1378 1064.9492 1
 0.08508803858642014 1.512447513952416 0.1032179275521357 1 705.9853000000001 793.2641599999999 1
 0.084595181594135 1.512814751598488 0.103770020269725 1 619.3619 668.3728599999999 1
 0.08424718661779401 1.513242242446469 0.1034046996282183 1 558.1356 733.53394 1
 0.08399963732784609 1.51362896706376 0.1025486014648714 1 515.1404 887.8201 1
 0.08378825565853813 1.513942667994391 0.1015457803694119 1 480.20895 1059.0293 1
 0.0836392639881853 1.514127930615851 0.1006670246968743 1 456.5112 1196.662 1
 0.08543545032617059 1.513402333497331 0.1014341596120798 1 771.44385 1121.6602 1
 0.08491095025841396 1.513637035576737 0.1010848488666418 1 673.4168 1168.7467 1
 0.08802078152789644 1.51095212683513 0.1028519333611536 1 1375.0236 948.25336 1
 0.08755196670329357 1.511203998371004 0.1037755918204686 1 1270.9114 718.90216 1
 0.08725136544894627 1.511926983308597 0.1040900602875664 1 1185.7058 638.1205 1
 0.08726143213449102 1.51299176085325 0.1039047402958603 1 1160.5781 672.33685 1
 0.08756191291059655 1.513542867946792 0.1034627602790369 1 1201.1958 757.1353 1
 0.0860807932100104 1.514238707647199 0.1013516200199332 1 895.3 1111.1132 1
 0.08623180711575994 1.514052222102527 0.1022159938540415 1 931.59534 965.5767 1
 0.08663650995518908 1.513936803697185 0.1027042089550129 1 1012.20984 883.3427 1
 0.08717822612018826 1.513819762395377 0.102704584860028 1 1114.1676 891.2487 1
 0.08768398271518475 1.513705873354052 0.1023869640591309 1 1206.3073 957.4136 1
 0.08793456180523694 1.513615732055549 0.1015983851063148 1 1244.1926 1106.9775 1
 0.08563780471125307 1.513252794218973 0.101913606297372 1 813.68097 1040.4557 1
 0.08506685702710742 1.513248111277482 0.1031830216045583 1 714.8423 786.491 1
 0.08448316784024985 1.513327220359444 0.1038353818373399 1 610.50934 651.6472 1
 0.08406076382936581 1.513457840528564 0.1037181884322498 1 532.2549 668.6837 1
 0.08390973057452172 1.513711252580457 0.102945926449792 1 504.66232 810.7101 1
 0.08395518646325613 1.513928684140527 0.1018332158724099 1 511.32968 1010.3193 1
 0.08490463284667037 1.511398315534815 0.1021129735232592 1 630.61584 1061.6713 1
 0.08462869682444649 1.510816207733165 0.1030924805955494 1 557.67267 848.1387 1
 0.08453949120144184 1.509938669025759 0.1034031693499243 1 503.08524 787.14935 1
 0.08471725689126229 1.509426756986206 0.1028901179300907 1 521.4714 947.402 1
 0.08612782732960043 1.511865206396037 0.101485669523236 1 903.6288 1192.3591 1
 0.08734365326202358 1.512275089577932 0.1016830546262042 1 1161.9595 1143.7616 1


