# Created by Octave 4.0.0, Thu May 23 15:02:44 2024 PDT <caveman@RiffellCave1>
# name: corresp
# type: matrix
# rows: 701
# columns: 7
 0.08665849886478239 1.508323557646742 0.09835264072617193 1 1911.684 922.63434 1
 0.08730946053497245 1.508306574147636 0.09824105973501923 1 1855.9108 1120.8021 1
 0.0869627270453297 1.508199760614271 0.09755143374688599 1 1700.3018 1022.9412 1
 0.08636153302068482 1.508216171672049 0.09747908475337291 1 1702.8488 826.1857 1
 0.08575338634128286 1.508246559114863 0.09743091815908679 1 1707.558 622.18585 1
 0.08516954260796612 1.508282152970859 0.09740928768685352 1 1714.1473 425.87888 1
 0.08458187574146671 1.508241994754236 0.09742799113659009 1 1740.5637 230.98209 1
 0.084070945794516 1.508183684366341 0.09742462645841951 1 1758.4849 61.108902 1
 0.08411629918322018 1.508351750799641 0.09674582503510673 1 1530.3425 48.2041 1
 0.08462165306047074 1.508323306105845 0.09655000013256923 1 1460.2173 208.38567 1
 0.08522971626860207 1.508311444805814 0.09639454612278898 1 1394.4172 412.24677 1
 0.08588841404264833 1.508294518583267 0.0962440296795859 1 1325.8718 637.98627 1
 0.08714537499680321 1.5082459053538 0.09604472380249052 1 1218.7218 1070.2653 1
 0.08750731528838157 1.508170154314039 0.09514919964680395 1 903.1127300000001 1188.1832 1
 0.08687314203095367 1.508215588265729 0.09521263752208842 1 942.42535 968.0143 1
 0.086215685767314 1.50823653212557 0.09526058526325636 1 979.37384 733.29803 1
 0.08561423545822819 1.508246274601987 0.09520574074091329 1 978.31696 512.39355 1
 0.08500283067766405 1.508146655809694 0.09513235131430502 1 977.1351 284.06754 1
 0.08481624428750914 1.50832839206882 0.09421519621240343 1 637.4373000000001 188.0447 1
 0.08552781501090151 1.508307613897258 0.09397731919874631 1 528.3839 442.4798 1
 0.0862500554617988 1.5083379883473 0.0938011944628253 1 442.4391 703.8551 1
 0.08690055225450559 1.508310334847768 0.09360212480872224 1 355.99982 934.4333 1
 0.08746117779096882 1.508272773192433 0.09345397652793203 1 293.9982 1128.9987 1
 0.08760261957415441 1.508080820667296 0.09287423072822791 1 77.05540499999999 1180.3663 1
 0.08704401114121432 1.508196822136703 0.09294227355328823 1 111.71946 975.6283 1
 0.08641643316566894 1.508167597491658 0.09288008897875943 1 95.66337 747.50073 1
 0.08580660786610497 1.50816115624997 0.09277305745715402 1 68.965096 515.97595 1
 0.08523101110600062 1.508187332760416 0.09268720674757523 1 56.35861 296.7196 1
 0.08467145769633554 1.508213801790703 0.09270246026628781 1 84.05099 89.36985 1
 0.08433729335927512 1.509148467456 0.09315974237261625 1 298.77307 29.74603 1
 0.08491548794211566 1.509247289116594 0.09321629653369184 1 301.3917 221.26273 1
 0.08547798414755224 1.509148249890583 0.09320049951087825 1 276.9062 403.49643 1
 0.08607327320864842 1.50910083812065 0.09314936720941995 1 244.18616 599.36017 1
 0.08665860720167939 1.509103318382297 0.09309680487584122 1 216.60193 789.0972 1
 0.08718085772940126 1.508998162818511 0.09305445384257439 1 191.38303 962.3791 1
 0.08768389208397523 1.508965354788256 0.09302416222547118 1 176.014 1121.952 1
 0.08758685670262838 1.508921668656639 0.09446436848150104 1 645.65485 1128.4109 1
 0.08716844304526983 1.508945280997617 0.09457343061926532 1 688.3717 996.8908699999999 1
 0.08673659090479505 1.508995668140668 0.09465983235481328 1 725.84174 856.77405 1
 0.08627562414493713 1.509025714043255 0.09473134189070255 1 760.3034 706.8872699999999 1
 0.08579525924769076 1.509006077483871 0.09479816553291988 1 795.8786 550.67377 1
 0.08531178064976974 1.508961696260407 0.09482854800636056 1 821.10175 390.89435 1
 0.08484845295292481 1.508932607907261 0.09482917069012567 1 836.52997 235.81955 1
 0.08439789590007678 1.508860530253933 0.09484437358672079 1 857.30585 82.95523 1
 0.08409125903442657 1.509011743734036 0.09590578691207741 1 1199.4686 32.55149 1
 0.08449777151377576 1.509067985762059 0.0960222219003498 1 1220.7899 166.93674 1
 0.08500446371699129 1.509119185553497 0.09613741208250386 1 1238.042 332.21936 1
 0.08558384011724471 1.509167953441641 0.0962566849763507 1 1253.794 517.4906999999999 1
 0.08620155330210934 1.509194389257876 0.09635586739831932 1 1262.8031 711.3973 1
 0.08678359637073586 1.509121382191905 0.09642697499932565 1 1272.5802 894.08405 1
 0.08733084418091151 1.50903003034519 0.0965291124437466 1 1290.7555 1065.9379 1
 0.08768650672508523 1.508836222638338 0.09792993107291205 1 1684.1351 1186.3499 1
 0.08720041784543525 1.508871980821408 0.09801604921861207 1 1722.6166 1045.5894 1
 0.08669553454242586 1.508893212380273 0.09806578298115595 1 1753.1685 898.31964 1
 0.08616991084105913 1.508901892892486 0.09810616116595726 1 1781.3475 743.5236 1
 0.08564942758958767 1.508898711332879 0.09808226113742033 1 1792.4117 587.8378 1
 0.0851599190028479 1.508916485739487 0.09802327259226966 1 1788.4496 439.15906 1
 0.08472777369648825 1.50893924351178 0.09789821924957089 1 1763.4304 305.50693 1
 0.08433981035376177 1.508924231224584 0.09778077997873276 1 1742.7092 184.57239 1
 0.08402817143283393 1.508908040642281 0.09774068095185823 1 1739.351 89.60393000000001 1
 0.08383810089754039 1.508936063087905 0.09781627965399159 1 1758.902 38.662205 1
 0.08374570766846164 1.508949477347453 0.0980148749833384 1 1809.0171 22.044403 1
 0.08377577032877676 1.508931886771 0.09826267249987658 1 1872.6013 42.109257 1
 0.08397862220695085 1.508914595297244 0.09844165912414275 1 1914.3188 108.030525 1
 0.08595625077201782 1.510104485188509 0.09918064577828876 1 1875.0004 663.9118999999999 1
 0.0866717484962171 1.510101135102952 0.09903350341414308 1 1823.2783 841.4934 1
 0.08736454404132014 1.510067399572557 0.09891813889055628 1 1779.4153 1013.88464 1
 0.08798216048335343 1.510009706557739 0.09884845379120336 1 1747.5604 1166.8771 1
 0.08760366548264745 1.509912836486237 0.09804881405748064 1 1592.0764 1081.5386 1
 0.08699680994375275 1.509932734071376 0.09800671304815281 1 1601.6553 924.16 1
 0.08635505337166077 1.509969873161008 0.09796431657267091 1 1607.6218 753.0026 1
 0.08572169373351707 1.510001934489456 0.09791995781184841 1 1611.1842 582.0657 1
 0.08513750781486576 1.510021352968841 0.09784899277565569 1 1605.2911 423.10916 1
 0.08461738451403535 1.510025029918278 0.0977589593702622 1 1595.5627 280.95947 1
 0.08419362890681578 1.510032185154634 0.09770545353712394 1 1589.7654 166.43764 1
 0.08388708739243637 1.510040787125683 0.0976614800126193 1 1583.2994 84.30611 1
 0.08369322430222026 1.51002280677579 0.09757248045511036 1 1566.5961 29.380238 1
 0.0836850752206782 1.510007767664742 0.09741998668310388 1 1530.9999 20.582512 1
 0.08386741642414904 1.51001972452517 0.09723151232800009 1 1479.804 61.80662 1
 0.08416932571522114 1.510026135825712 0.09703205831694343 1 1422.9679 135.859 1
 0.08454673005362287 1.510026257663023 0.09683702445883934 1 1364.8726 232.35057 1
 0.08503104391587621 1.510056406723702 0.09662164385766897 1 1294.5963 360.28992 1
 0.08561782427527929 1.510079311290799 0.09638620687089469 1 1215.4017 518.0634 1
 0.08627458158592149 1.510133843355219 0.09612834150635789 1 1124.4397 695.0155999999999 1
 0.08691516658271888 1.510158667138142 0.09588664587362926 1 1040.4865 866.5809 1
 0.08750752466923845 1.510194414609749 0.09569593941974586 1 971.6318 1021.88715 1
 0.08801931971740846 1.51021416803096 0.09556851387386162 1 923.95917 1152.9297 1
 0.08805852462561635 1.5101866978818 0.09459731275760623 1 658.16455 1153.5083 1
 0.08755617509072408 1.510278006752553 0.09451017067559522 1 641.6021 1012.1882 1
 0.08697500721167697 1.510369326061945 0.09444106394280545 1 632.2971 848.26624 1
 0.08634062593201353 1.510375392339936 0.09439328118662775 1 631.75275 672.0351000000001 1
 0.08450267385285938 1.510318865035527 0.09433560666818905 1 660.8214 153.45784 1
 0.08420841367020213 1.510309023887052 0.0943560240396063 1 673.25977 71.83238 1
 0.08408564637198226 1.51028427017654 0.09423943523908175 1 644.0836 33.66095 1
 0.08418041933444535 1.510325502358398 0.09396238945772575 1 562.6953 54.54602 1
 0.08440717803806454 1.510353231877207 0.09374685561789788 1 495.6244 113.75189 1
 0.08475121943001164 1.510348803227922 0.09359305680489322 1 442.98746 206.6231 1
 0.08523347121949126 1.510343252236731 0.09343607083507925 1 386.3537 339.41708 1
 0.08582504068760838 1.510343117073006 0.09330227763741766 1 335.31024 504.44653 1
 0.08648881885888288 1.510406664181706 0.09311916922835922 1 273.58902 685.76697 1
 0.08713287883145954 1.510452097245614 0.09288260686508758 1 201.44409 855.6873000000001 1
 0.08769475274193635 1.510435977903735 0.09268957040886083 1 143.58768 1002.43286 1
 0.08820503481390969 1.510469799175633 0.09252421092940986 1 99.04088 1128.2493 1
 0.08570741858243951 1.511399309642677 0.09184075635336623 1 4.2445397 436.87244 1
 0.08506179094563605 1.511477219544388 0.09198016069705023 1 52.535275 278.54144 1
 0.08445885657597406 1.511503783727697 0.09207898785298133 1 91.807816 131.27995 1
 0.08381860204329179 1.512077687963061 0.09256462915645412 1 242.97485 5.6450243 1
 0.0841769217529839 1.51210467125527 0.09271509236305477 1 267.87534 90.38803 1
 0.08463987080335249 1.512141075284719 0.09283638757136933 1 287.91568 201.37453 1
 0.08681273033748479 1.512064936942356 0.09309501308182511 1 307.1255 716.5479 1
 0.08738583998735536 1.51191370393431 0.09304913590061643 1 285.66925 854.61414 1
 0.08789684506523296 1.511801533516202 0.09307805478300346 1 284.6427 978.66614 1
 0.08836359091181997 1.511748146772278 0.09314604686006682 1 295.6424 1089.1276 1
 0.08879425197819969 1.511693819232871 0.09325386144232099 1 316.72345 1190.7051 1
 0.08839192633781176 1.511625477744405 0.09404842728767575 1 506.55417 1118.936 1
 0.08770398480596507 1.511660152123689 0.09421132863685465 1 554.3287 961.18945 1
 0.08698069832925215 1.511749441698918 0.09434960222282479 1 598.6256 788.59735 1
 0.08631224118851472 1.511815111591722 0.09440411644613579 1 623.0778 627.8813 1
 0.08567554731022885 1.511885950718048 0.09447220518445755 1 650.9786 475.48996 1
 0.0850724461738767 1.511932456938638 0.09457138490441767 1 686.3771400000001 333.3999 1
 0.08455810774284327 1.511923027211477 0.09467694652228208 1 722.4897999999999 213.4745 1
 0.08415561725524212 1.511991096120556 0.09486681295271512 1 774.7637 124.97797 1
 0.08393276755988684 1.512036662339375 0.09506225819395155 1 823.6545 79.33150999999999 1
 0.0839593462156967 1.512108037274877 0.09524862675220368 1 864.58167 92.15291000000001 1
 0.08416793582368717 1.512133140868689 0.0954462334371618 1 904.91876 144.86938 1
 0.08451248171975137 1.512078691487534 0.09564403298223753 1 945.3227000000001 227.17424 1
 0.08496399447891899 1.512034702021451 0.0958786811283163 1 992.19916 336.14148 1
 0.08557909499038677 1.51198049756994 0.0959711830148712 1 1004.46625 481.3872 1
 0.08622755363557739 1.511983889469409 0.09613143182567989 1 1026.1572 634.00366 1
 0.08685608427417808 1.512012433610962 0.0963278524902183 1 1055.9166 780.0407 1
 0.08744935445679017 1.511967419491714 0.0964939101704346 1 1082.1776 917.14545 1
 0.08797527371589725 1.511959240957419 0.09666018690048919 1 1107.3564 1034.7372 1
 0.08841142868327621 1.511973430418026 0.0967958290123903 1 1125.9926 1128.3047 1
 0.08867658111660426 1.511962049242911 0.09695290046543702 1 1154.0073 1185.3635 1
 0.08871410405791301 1.511917399320716 0.09716713559989375 1 1200.7167 1194.9756 1
 0.08854127400266654 1.511805558059474 0.0973986021464494 1 1260.8146 1168.8876 1
 0.08823884662161417 1.51177078183467 0.09757556877568739 1 1308.4231 1107.8127 1
 0.08779795680977318 1.511749484359722 0.0977131599346153 1 1350.5663 1014.89526 1
 0.08727693907280169 1.511735069703932 0.09776924024751631 1 1377.0012 901.7643 1
 0.08669297644239864 1.511775772674912 0.09778765589299847 1 1392.4451 770.124 1
 0.0860920775553369 1.51181586248073 0.09776000028281939 1 1395.1259 633.9305000000001 1
 0.08551402773423918 1.511835811140569 0.09764401046401766 1 1383.9662 499.7866 1
 0.08495108953948195 1.511921701164352 0.09755731531846921 1 1369.8724 369.84857 1
 0.08444187216355582 1.511974943049492 0.09747239336657629 1 1357.7281 254.1301 1
 0.08403948035037771 1.512081504681384 0.09746131806937118 1 1354.5739 166.45 1
 0.08377924780648253 1.512189463724745 0.09761196379763235 1 1382.1974 116.43225 1
 0.0836359102821502 1.512184121502295 0.09795995274853699 1 1455.9458 95.75349 1
 0.08369082445833526 1.512142263283634 0.09833121490748761 1 1532.4315 117.31007 1
 0.08396457705347284 1.512075508338255 0.09859482007639232 1 1585.8243 181.76103 1
 0.08437952366922191 1.51200479226336 0.09876976409544964 1 1620.125 274.5531 1
 0.08493931871978293 1.512047053083395 0.09888434731826565 1 1628.7668 397.93347 1
 0.08558814875063844 1.512001306479195 0.09892991618410668 1 1627.6525 538.7012999999999 1
 0.08623468123924802 1.511932487357131 0.09901101030070918 1 1636.728 681.077 1
 0.08691714614509265 1.511934133229557 0.09908701170139085 1 1634.5608 827.6896400000001 1
 0.08753452333575461 1.511945968078694 0.09918982023945379 1 1636.7548 957.29486 1
 0.08801837309011538 1.512023835522817 0.0993302656604939 1 1642.3079 1052.5203 1
 0.08832071729966007 1.512039981003399 0.09952129155375172 1 1666.8771 1111.9031 1
 0.08846386136209881 1.511949485346689 0.09969644536917685 1 1702.0969 1144.7539 1
 0.08641204507596671 1.511739953037968 0.10050539115559 1 1917.7327 740.5564000000001 1
 0.085848466395696 1.511748099135638 0.1004149248665205 1 1916.4232 622.3163 1
 0.08527125366756928 1.511751111080424 0.1003256726063298 1 1914.2743 499.99274 1
 0.08471073473608669 1.511838970340089 0.1003170626930839 1 1913.548 382.2161 1
 0.08421999471709478 1.511927060523648 0.1003819199006571 1 1918.3436 283.0392 1
 0.08489613936638692 1.513381738650463 0.1013579786573285 1 1917.593 436.87503 1
 0.08558243404661463 1.513298043314305 0.1013113779795537 1 1910.7877 560.9046 1
 0.08628304406064081 1.513262665878459 0.1012681861909335 1 1894.2252 688.3905999999999 1
 0.08695692339042337 1.51315625415568 0.1011656196647781 1 1873.9202 812.5715 1
 0.08758201529236539 1.51311282702972 0.101043194272413 1 1844.2599 926.40173 1
 0.0881336853301639 1.513157299889217 0.1009209274171217 1 1807.4788 1022.9023 1
 0.0885738502645019 1.513234504886939 0.1007793358793779 1 1767.3612 1096.7854 1
 0.08887483445736469 1.513231092944761 0.1005910228716527 1 1730.1467 1149.5062 1
 0.08754346137790459 1.512983101461497 0.09991819897721756 1 1675.9236 919.5696 1
 0.08686200291893377 1.512994663643185 0.09978999910391755 1 1669.4059 788.7607 1
 0.08612167170098615 1.51308847303594 0.09981601505050869 1 1681.7006 644.54193 1
 0.08542159222862837 1.513143367156884 0.09975553095491371 1 1680.1438 507.92535 1
 0.08477992793533673 1.513176671637601 0.09978936654677614 1 1693.76 384.9167 1
 0.0842138432048003 1.513187472032832 0.09977529037317164 1 1698.816 276.4864 1
 0.08375561234024421 1.513327825278684 0.09970981905933336 1 1682.0085 189.86931 1
 0.08341360004868982 1.513392398378415 0.09951911339248004 1 1648.8423 122.24446 1
 0.083204609280636 1.513459500841737 0.09932482225087713 1 1613.0352 79.59381999999999 1
 0.08320441085282393 1.513485879394442 0.09912058242548041 1 1576.0951 74.52957000000001 1
 0.08343980036451303 1.513430454498553 0.09908509784532606 1 1571.5112 116.21579 1
 0.08384472041218971 1.513403993989631 0.09905872432343311 1 1563.8335 191.52126 1
 0.0843701335972588 1.513342430542813 0.09899060273058362 1 1549.126 289.63788 1
 0.08504154724070452 1.513374008777768 0.0989501764520949 1 1529.0077 418.57272 1
 0.08577796633254814 1.513323097440244 0.09884056788434031 1 1500.281 559.9684 1
 0.08653426207136156 1.513282763403298 0.09866390308828994 1 1456.6874 705.6736 1
 0.08724359554063078 1.513299972246169 0.09848154669416896 1 1407.393 840.87933 1
 0.08783602379865366 1.513323682037413 0.09835237920726639 1 1369.3203 952.1774 1
 0.08832334441418414 1.513308635873267 0.09816928092011316 1 1325.7095 1043.6272 1
 0.08868529244547602 1.513377361979905 0.09803804640982586 1 1289.4435 1106.7428 1
 0.08886689118546556 1.513431486475208 0.09790099967578067 1 1257.0253 1136.7817 1
 0.08884934515352472 1.513433972305755 0.09772419773020127 1 1225.1787 1132.6655 1
 0.08861552466754791 1.513409804983958 0.09757935606929093 1 1204.5902 1090.2681 1
 0.0881778718865638 1.513362448053733 0.09749186939085235 1 1199.881 1009.85486 1
 0.08756561306527513 1.513361113938221 0.09742168880071746 1 1199.4337 891.5721 1
 0.08683025731801179 1.513415860196703 0.09737015168189202 1 1201.5403 744.97736 1
 0.08606183935132597 1.513476054355359 0.09741567011890036 1 1221.8301 592.0304599999999 1
 0.08535724315170745 1.513582511526675 0.09751169706440505 1 1246.9784 453.2026 1
 0.08475626745862341 1.513606946371704 0.09753040528729122 1 1259.479 335.63104 1
 0.08426395781684833 1.513605157643427 0.09758936193485562 1 1278.6129 240.53688 1
 0.08386004542211445 1.513579887350223 0.09755489466476128 1 1279.9294 161.10121 1
 0.08353827939382512 1.513578432127413 0.09744659307444577 1 1264.6124 96.37396 1
 0.08334463379948931 1.513638163000099 0.09726644741947647 1 1230.4939 56.368195 1
 0.08334185941981402 1.513680349039292 0.09704068957360794 1 1185.3574 51.267925 1
 0.08360375924363894 1.513630989100887 0.09690804719349773 1 1158.621 97.260216 1
 0.08404641896603758 1.513510182461658 0.09677339884154725 1 1131.0253 178.36232 1
 0.08464007197616896 1.513369958238756 0.09658717400517798 1 1090.8711 291.5298 1
 0.08536842489527842 1.513346512423468 0.09641338043290495 1 1044.302 436.5892 1
 0.08614435860626367 1.513393303015824 0.09621129049450247 1 987.73193 591.5456 1
 0.08688541390662392 1.513478321413586 0.09604277067447486 1 937.5419000000001 737.54926 1
 0.08754145216337308 1.513543171606435 0.09595371291607596 1 906.3136 864.8915 1
 0.08808880567729585 1.513517769135466 0.0958571640959679 1 878.522 971.913 1
 0.08852623594987075 1.513509758082052 0.09575819664534632 1 851.9142000000001 1055.451 1
 0.08884271487698639 1.513494550937897 0.09563463753464629 1 822.9054599999999 1115.0771 1
 0.08897605445737058 1.513456799142145 0.09549051472457866 1 793.18774 1141.0353 1
 0.08890847725073689 1.513407202691758 0.09533552806277863 1 764.36884 1129.7501 1
 0.08865827522518745 1.513385438956345 0.09522315824865707 1 746.19507 1082.189 1
 0.08823641498231741 1.513356607469694 0.0951366863822649 1 735.0581 1000.6548 1
 0.08765287208108742 1.513349234103993 0.09512294943794096 1 741.1537 884.6355 1
 0.0869689917405421 1.513297709355129 0.09509413751305515 1 746.7798 746.7263 1
 0.08623794938420404 1.513255587167043 0.09510983922217832 1 763.1369 595.96075 1
 0.08373554006455031 1.513551014175438 0.09506738135477176 1 793.8953 80.47624999999999 1
 0.08335594330975736 1.513660031664072 0.09499188639030483 1 784.2873499999999 6.8557425 1
 0.08364788844541116 1.513526350775319 0.09423260440576207 1 625.1352000000001 46.03897 1
 0.08416321031885494 1.513500837619743 0.09415516451592715 1 599.1303 148.60457 1
 0.08478641186191707 1.513515780814433 0.09405213563980609 1 565.9107 275.08087 1
 0.08548432625167197 1.51350124799455 0.09396366363045255 1 535.1244 418.06406 1
 0.08621374367513074 1.513433658248803 0.09396374864759222 1 522.9618 570.13837 1
 0.08694575018906409 1.513393417267744 0.09385923252235852 1 490.29294 720.973 1
 0.0876289726993781 1.513425023007042 0.09376284541468424 1 461.67288 858.1232 1
 0.08822195690111145 1.513516624282722 0.09363223496095958 1 429.28146 970.70465 1
 0.08866151942289667 1.513546567312045 0.09350063929857425 1 399.0305 1052.8486 1
 0.08890986387442801 1.513582643792363 0.09333772590880535 1 365.19427 1095.9668 1
 0.0889455566447413 1.513557066691582 0.09317839198049499 1 333.0717 1101.7681 1
 0.08880979291244231 1.513539410378032 0.0929775500931789 1 293.9658 1073.7461 1
 0.08851880344910729 1.513519689241049 0.09277141446235872 1 254.38844 1015.35736 1
 0.08806694797839451 1.513508024972995 0.09270063883099972 1 243.02391 925.97015 1
 0.08748193445792121 1.513478093721701 0.09267554404340568 1 242.54018 809.7279 1
 0.08681690739416055 1.513496571101627 0.09269946954043973 1 255.14001 673.91 1
 0.08611919727023633 1.513527431607264 0.09273947683505573 1 273.23624 530.17786 1
 0.08542149958287572 1.513533968985469 0.09277417313308975 1 291.49213 386.1238 1
 0.08477918957322049 1.513585806167198 0.09286528246574265 1 322.51294 255.32138 1
 0.08420336360262907 1.513636445975266 0.09289152011648343 1 340.02194 138.98557 1
 0.0837156322757794 1.513701584041077 0.09280074637100164 1 333.0873 41.193985 1
 0.08355494284482404 1.513666005379522 0.09210810198600504 1 197.51283 1.8877488 1
 0.08400874527914633 1.513565651299011 0.09194247172527877 1 151.47015 84.68505999999999 1
 0.08463818066811694 1.513522389870843 0.09181449347506242 1 111.37927 210.47716 1
 0.08538884242909749 1.513543246028381 0.09170949181893852 1 77.69539 363.83746 1
 0.08616702602686918 1.513591062676673 0.0915855290608841 1 43.690857 521.8961 1
 0.08691543144855536 1.513588168364947 0.09147288855631756 1 13.023307 672.63 1
 0.0890534586308052 1.514419624162366 0.0912530588197048 1 0.23382045 1045.762 1
 0.08919076983703633 1.514430245537191 0.09133387960066205 1 9.366826 1071.8855 1
 0.08903417513560122 1.514441893937114 0.09150639663635239 1 40.843285 1046.5215 1
 0.08862784631651317 1.514456956877982 0.09160421271877553 1 60.386124 974.46783 1
 0.08804482149933202 1.514411357741706 0.09164854196974997 1 69.74849 870.2820400000001 1
 0.08735683453286193 1.514446176205555 0.09173443731299717 1 91.627945 742.1857 1
 0.08660875730607175 1.514486023526255 0.09180286409971848 1 112.95922 600.9255000000001 1
 0.08585388310667566 1.514559476568395 0.09191899885307596 1 146.166 458.25735 1
 0.08510875884607622 1.514514163772054 0.0919735088818269 1 166.05591 316.86975 1
 0.08437746940425794 1.514642204330424 0.09204537367996321 1 195.62193 181.04736 1
 0.08372086436623274 1.514668431175179 0.09215784181738371 1 229.56334 60.647743 1
 0.0833653100406533 1.514570132132131 0.0931119832613822 1 412.71075 5.2369843 1
 0.08377055823839541 1.514567925511913 0.09310474723266775 1 403.30212 80.031136 1
 0.08423544797281386 1.514564915623674 0.09307804248863855 1 389.428 166.86569 1
 0.0847822080334824 1.514582035662032 0.09311190693501865 1 386.34613 271.00455 1
 0.08538892997495917 1.514561013477902 0.09317383193698733 1 387.83163 387.16858 1
 0.08601215951634227 1.514518206172373 0.09319400680329123 1 381.78482 506.58865 1
 0.08663344153905259 1.514463216236217 0.09326331065560743 1 385.75235 626.91736 1
 0.08724211059541789 1.514473295481698 0.09336810330635016 1 398.20294 743.56116 1
 0.08780054657315238 1.514447355785397 0.09342472476224034 1 402.40314 849.76935 1
 0.08829663243799225 1.514425083710086 0.09350477840226341 1 412.28802 943.50006 1
 0.08869910926515827 1.514405554204103 0.09362859704898201 1 431.67047 1019.3328 1
 0.08894846548214123 1.514369956754864 0.09375879630428403 1 453.59393 1067.617 1
 0.08896717766778499 1.514352597825581 0.09397837749516122 1 494.39838 1074.5942 1
 0.08875133561463142 1.514303981186547 0.09418079368656429 1 534.3702 1040.6818 1
 0.0883614053074936 1.514278191538601 0.09433921147980859 1 568.6165 972.58875 1
 0.08786414099669874 1.514237290084772 0.09446195060418383 1 598.2255 883.13806 1
 0.08727053894597608 1.514274150306101 0.09465792622338176 1 643.408 772.3108999999999 1
 0.08664085620203162 1.514253382127903 0.09472519544262409 1 665.6070999999999 653.23157 1
 0.08596716857972302 1.514321960496401 0.09488368641648434 1 705.88043 524.7055 1
 0.0853002318103326 1.514396415548124 0.0950036314262746 1 738.6957 398.07123 1
 0.08466415080948377 1.514437103505751 0.09510308371524671 1 767.6775 278.5688 1
 0.08409748886071854 1.514431255667527 0.09520236478230536 1 796.22815 172.9826 1
 0.08361865254745769 1.514440398181618 0.09538343818593506 1 838.47455 86.84260999999999 1
 0.08326834785395383 1.514470258413058 0.09555587437503617 1 875.93567 25.933718 1
 0.08307232775583404 1.514573096483368 0.09572410525315801 1 907.7863 1.2442867 1
 0.0830717369389386 1.514604063549785 0.09594253054631659 1 947.1295 3.7872818 1
 0.08327397788731637 1.514582255259283 0.09609485333946559 1 972.44086 41.277042 1
 0.08366684467496127 1.514473132049111 0.09616867121144392 1 983.46564 112.07461 1
 0.08642164864151849 1.514286340128534 0.09662424105194882 1 1029.3763 637.0297 1
 0.08715642869994006 1.514253961092939 0.09657102842740223 1 1008.17664 774.98645 1
 0.08781318567730249 1.514200143142366 0.09661096213906997 1 1006.1023 899.1495 1
 0.08834504916575091 1.514228836387633 0.09678514373225147 1 1027.815 996.5144 1
 0.08875384265457983 1.514273685007982 0.09698342610115117 1 1054.405 1068.5206 1
 0.08902241155004233 1.514267800773777 0.09711430732563237 1 1073.2054 1116.5004 1
 0.08907707376616926 1.514282106372634 0.09728346810304317 1 1101.6272 1126.1698 1
 0.08893669838588081 1.514293982753403 0.09743985672813135 1 1131.4807 1102.1556 1
 0.08863263990572538 1.514312882252504 0.09756968681695255 1 1159.3932 1049.051 1
 0.08819896820377478 1.514252056438474 0.09768323202069289 1 1190.5728 975.92786 1
 0.08761468184898523 1.514256843866915 0.09785455354077634 1 1231.8079 872.28674 1
 0.08696699121701233 1.514233404280508 0.09795193066956821 1 1262.4524 756.02496 1
 0.08629366707303689 1.514282471233328 0.09801308876638912 1 1283.016 631.8433 1
 0.08561309030986269 1.514407521925494 0.09811830414006446 1 1306.3191 506.74362 1
 0.08501323765703592 1.514440998306222 0.09810408829306139 1 1311.6719 396.8479 1
 0.0844320781148155 1.514488178361986 0.09824204076716653 1 1340.7933 294.33636 1
 0.08396063630932801 1.51451310929192 0.09830729685946375 1 1358.1394 211.13448 1
 0.08357447446210534 1.514527162414201 0.09844196827125677 1 1385.3375 145.57898 1
 0.08334290633272842 1.514534950148256 0.09853822245469895 1 1403.8932 107.22251 1
 0.08331662595548542 1.514533095891354 0.0986667432608692 1 1425.7894 105.67177 1
 0.08347643651389024 1.5143966057117 0.09887140011987855 1 1466.4252 135.87183 1
 0.08379058244496111 1.514386883055874 0.09910208683356268 1 1501.0908 196.52682 1
 0.08428795238402804 1.514410956443383 0.09917373167865345 1 1504.5286 286.51755 1
 0.08486193057469449 1.51443494823161 0.09930856282843177 1 1516.5637 391.1668 1
 0.08549156535791951 1.514415471741701 0.09945567072364909 1 1531.8453 505.54706 1
 0.08616724598270911 1.514379628667673 0.09954850821177851 1 1537.7622 627.1640599999999 1
 0.08689281660407687 1.514347274458414 0.09953279147707755 1 1523.2312 755.9139 1
 0.08758604657212743 1.514319470334086 0.09960224074091824 1 1522.9995 878.1392 1
 0.08824252753369272 1.514289713993031 0.09963281390145598 1 1515.827 992.2662 1
 0.08877002466965904 1.514267621365612 0.09971543132045552 1 1518.8455 1082.592 1
 0.08904661000335104 1.514249504972934 0.09995544461452636 1 1551.4952 1129.3839 1
 0.08911336751277199 1.514239665025067 0.1002076001707787 1 1589.3687 1140.904 1
 0.08898560687331113 1.514225429896063 0.1003755038796773 1 1619.1279 1120.7156 1
 0.08868228449483606 1.51421201247634 0.1004583046265963 1 1639.8176 1071.3741 1
 0.08820833840969439 1.514265951783814 0.1005351123760843 1 1658.5226 990.56274 1
 0.087593907370493 1.514278720471373 0.1005903995317283 1 1679.4846 886.96344 1
 0.08688156014269993 1.514250098831141 0.1006368936061533 1 1703.4218 766.3468 1
 0.08610780921472327 1.514353713382533 0.1007004405511094 1 1719.6522 631.4160000000001 1
 0.08536384114433337 1.514385543602124 0.1007795329149503 1 1741.4531 503.93906 1
 0.08469974839185831 1.514406938396888 0.1008744914184487 1 1763.6903 391.2599 1
 0.08415008139019547 1.514435972349942 0.1009375583352129 1 1777.7299 298.85382 1
 0.08370455986198345 1.514452842778358 0.101080319211786 1 1802.2162 226.91992 1
 0.08339874483403945 1.514461941991295 0.1012590662581386 1 1830.1781 180.07486 1
 0.08326033078785366 1.514434165288367 0.1014917026553335 1 1866.6573 162.32242 1
 0.0833368267405929 1.514428020581423 0.1016653722142998 1 1890.5906 179.07834 1
 0.08361599653105717 1.514416628635871 0.1017532260949574 1 1900.9916 227.04698 1
 0.08401785062231519 1.514335675330892 0.1018641488846594 1 1916.6243 295.45428 1
 0.08457117707071476 1.514316934553266 0.1019209722352507 1 1917.9641 388.0943 1
 0.08526822080229993 1.51422454479672 0.1018516635879889 1 1910.2109 505.2521 1
 0.08596180469929064 1.514214853090708 0.1019033515595196 1 1906.7872 622.9853000000001 1
 0.08663159964120067 1.51429497568949 0.1020201896332839 1 1903.5764 734.59204 1
 0.08872822560749931 1.514196447116527 0.1023178442227966 1 1904.8206 1078.2106 1
 0.0889223482860725 1.514188921772904 0.1024743081781481 1 1918.0068 1107.6892 1
 0.08816746111876286 1.510259258178664 0.09986713022675324 1 1914.6711 1186.6118 1
 0.08818737565778181 1.510625901642565 0.09941938845063844 1 1789.3373 1169.3088 1
 0.08818479652493522 1.51067223960149 0.09857985046132012 1 1613.4111 1168.2665 1
 0.08816998264217936 1.510709599414215 0.09772977483604307 1 1423.6848 1162.9412 1
 0.08815824747560883 1.510739141728451 0.0968636490763701 1 1220.3542 1155.9174 1
 0.08813359388546779 1.510728209557488 0.09502372629849866 1 762.54926 1135.8969 1
 0.08812939408140687 1.510712963890474 0.09407541463419344 1 513.7722 1122.0092 1
 0.0881414893055783 1.510657908945546 0.09314578076850684 1 269.15167 1111.7871 1
 0.08816079303606165 1.510629611659485 0.09224006752421994 1 34.890377 1097.9744 1
 0.08802116536685192 1.511641798969047 0.09251758970307181 1 147.55295 1005.27295 1
 0.08806978331457382 1.51160451655754 0.09352458999708725 1 384.5983 1037.8582 1
 0.08805861501424397 1.511551447478211 0.09453440463643298 1 627.28 1054.6179 1
 0.0880067350944813 1.511525491917742 0.09554878008652494 1 871.44073 1056.9999 1
 0.08780326660703067 1.511492865319054 0.09968843336059062 1 1764.3746 1036.3184 1
 0.08796037698067827 1.512660644719062 0.1011708352638003 1 1895.821 1013.0883 1
 0.08799684076452359 1.512674860098774 0.1002369423956495 1 1744.2864 1018.4301 1
 0.08802126753983366 1.512700961567674 0.09927490182111222 1 1575.3463 1019.8794 1
 0.08804683683800896 1.51271658925404 0.09827795571672145 1 1390.257 1019.95245 1
 0.08807457556673998 1.512751299411678 0.09726603221319628 1 1190.1313 1017.7301 1
 0.08811499673793094 1.512763858694009 0.09617914435360062 1 966.9987 1016.7232 1
 0.08815220522129198 1.512767866895513 0.09509512393708204 1 737.1351 1012.8964 1
 0.08817877333853878 1.512731331356343 0.09401366471734894 1 504.13675 1006.13477 1
 0.088207468038242 1.51281076043525 0.09301394134245271 1 290.08102 992.4142000000001 1
 0.08823375373980683 1.512878745981755 0.0920759426699768 1 95.72721 978.0614 1
 0.08815815383865161 1.514050491871119 0.0919965604932912 1 121.23299 910.3466 1
 0.08816938826049357 1.514061889992391 0.09281694190318771 1 277.35733 924.7696 1
 0.0881609166464489 1.513964872989291 0.09365748786608488 1 438.49973 939.3783 1
 0.08814916242055058 1.513882511950995 0.0945780703686931 1 618.81604 952.8019399999999 1
 0.08812852346919574 1.513852326173334 0.09550867824459035 1 801.4132 960.9623 1
 0.08810212455469285 1.513869264882423 0.09647739417749317 1 987.5196 964.62933 1
 0.08806995027740644 1.513911049738722 0.09743206219350888 1 1164.0773 964.7026 1
 0.08805657751879546 1.513926415398552 0.0983697205659346 1 1331.2921 968.1667 1
 0.08680520720265228 1.508393688683635 0.09835238332341653 1 1894.9479 963.0404 1
 0.08680827460423014 1.508390879738035 0.09745827800248338 1 1653.539 959.6002999999999 1
 0.08680637718019867 1.50836771956079 0.09651754945448751 1 1373.7291 951.8019399999999 1
 0.08680526390540715 1.508365989960613 0.09556594095773696 1 1059.0277 938.86957 1
 0.08680528811625762 1.508372698461616 0.0937487589694931 1 412.08856 899.78125 1
 0.08675405569707724 1.508318633812398 0.09295479197597235 1 126.96967 863.3521 1
 0.08653732709470724 1.509510611227223 0.0927510283249786 1 130.24011 723.806 1
 0.08654902504318335 1.509440614795334 0.09362076982909368 1 394.55402 751.0497 1
 0.08657565757552156 1.509383311856431 0.09460639369069719 1 704.18677 783.8458000000001 1
 0.08656710653060645 1.509261664698408 0.09568549505873281 1 1044.8531 808.3117 1
 0.08653306946723927 1.509148728344881 0.09681757688104932 1 1390.268 822.0213 1
 0.08648703581350248 1.509081394327624 0.09799281036376019 1 1717.8915 827.2453 1
 0.08646356097500031 1.509936708292115 0.09861288859752786 1 1758.327 790.95404 1
 0.0865254458292944 1.509990999890489 0.0976463394994125 1 1523.5968 793.28613 1
 0.08657223646508727 1.509961242007997 0.09670749952161552 1 1284.5647 793.7626 1
 0.08660461487370678 1.509896225902419 0.09578681431067 1 1035.4631 791.0343 1
 0.08664198965777145 1.509861192395529 0.09485742657381094 1 767.43756 786.45264 1
 0.08668499963393542 1.50983281636056 0.0939353544511933 1 493.30383 781.55054 1
 0.08672238295335682 1.509803829769673 0.0930987263108604 1 243.94745 775.2945 1
 0.08674040092396318 1.509817725508144 0.09235288323041929 1 28.20467 762.4082 1
 0.08647631350795194 1.510746807763363 0.0927576059919783 1 188.1187 664.64905 1
 0.0864644564647911 1.510744559825685 0.09372107999848649 1 445.1801 681.1365 1
 0.08646710412604364 1.510768502800883 0.09479524100422286 1 733.0234400000001 701.974 1
 0.08649270060189426 1.510836289578083 0.09602802193625636 1 1051.4813 728.12506 1
 0.08652237065415332 1.510898381331131 0.09729663416321825 1 1356.1127 752.903 1
 0.08655656731915859 1.510951837255349 0.09858552184593428 1 1637.7585 776.3845 1
 0.08658316288553503 1.510912937513884 0.0998741541647019 1 1897.1279 797.3918 1
 0.08651146334405166 1.511842111917578 0.09975976505094855 1 1778.1906 751.2993 1
 0.08646805160480846 1.511815838113813 0.09860093908469175 1 1561.6366 729.2784 1
 0.08642534001909438 1.511816823104433 0.09739740789439622 1 1311.5406 702.7599 1
 0.08637994220801974 1.511784385639797 0.09625233835093426 1 1059.9346 676.0143399999999 1
 0.08636294962925242 1.511731527496044 0.09520577270004127 1 816.0319 655.9206 1
 0.08636837051597217 1.511728633537692 0.09422734966453855 1 579.64514 640.1541 1
 0.0863636910455101 1.511685827232313 0.09333057008154162 1 361.76382 623.6534 1
 0.08634117936530938 1.511663448581803 0.09245880922898214 1 151.54185 602.4274 1
 0.08598740130429662 1.512675626889661 0.09189330335869228 1 70.675186 496.4785 1
 0.08605682893806517 1.512670771983262 0.09277790404034633 1 261.42056 526.56415 1
 0.0861476543016343 1.512593489266326 0.09383136332625865 1 492.25766 565.7411 1
 0.08625007329647449 1.512571101628655 0.09498774767519828 1 749.1155 608.37683 1
 0.0863499696171332 1.512596053660423 0.09621847175586201 1 1016.3392 649.5676999999999 1
 0.0864248617301636 1.512552569728286 0.09754100981351031 1 1293.438 686.2399 1
 0.08647608286020517 1.512526069017781 0.09891428714657285 1 1561.5482 715.80554 1
 0.08649629361302014 1.512503088946744 0.1002964843368046 1 1807.5289 736.0438 1
 0.08622895241204077 1.51313086218674 0.1012620872178727 1 1907.1716 681.1923 1
 0.08626514788859918 1.513164355968224 0.1000429787807972 1 1710.6289 673.34674 1
 0.08629886397186516 1.513200803765231 0.09884984308705204 1 1500.8749 663.95966 1
 0.08631279445059059 1.513278655123949 0.09767667741904548 1 1277.8934 649.2805 1
 0.08630755689067596 1.513312125341966 0.09650433463933969 1 1046.5427 630.60767 1
 0.08629747596464864 1.513374517997855 0.09536200687937325 1 813.17303 610.2968 1
 0.0859002927256826 1.514562869141266 0.0912644029072594 1 26.026306 458.18243 1
 0.08595933027300985 1.514534688096217 0.09200174880097983 1 159.26367 479.52573 1
 0.08601059808738246 1.514484705821699 0.09285573777357593 1 317.16724 501.75092 1
 0.08605213811383162 1.514441926491274 0.09378958897476559 1 493.7945 523.6083 1
 0.08607707458617682 1.514399487165177 0.09480603362527651 1 688.1616 543.77966 1
 0.08609375282436682 1.514345224229937 0.09588027990186053 1 893.6180000000001 563.321 1
 0.0861080368045905 1.514326172266389 0.09701527998366284 1 1104.9833 582.8280999999999 1
 0.08612000993041785 1.514359745006761 0.09820555271126626 1 1315.462 601.301 1
 0.0861320294458881 1.514311797403002 0.09944786519783144 1 1526.9221 620.7419 1
 0.08614778000503799 1.514253582740881 0.1006912313879453 1 1726.3798 639.9419 1
 0.0861418376657503 1.514124897175709 0.1019277740101651 1 1913.3301 654.92065 1
 0.08449401389393593 1.508553491779729 0.09793383068875806 1 1834.5636 230.35081 1
 0.08453932524148799 1.508691914181681 0.09691785913790031 1 1529.085 205.25706 1
 0.08455887158684566 1.508733478324898 0.09593654425065706 1 1221.7307 173.18463 1
 0.08456728117998281 1.508727136575894 0.09498041621480846 1 904.12775 140.0907 1
 0.08456809210701016 1.508705531976184 0.09402366678256097 1 574.6525 108.83993 1
 0.08436486472814843 1.509909539186919 0.09285441280965909 1 231.30824 66.13865 1
 0.08444703618760811 1.509857950232428 0.09390527183563602 1 538.4533699999999 111.58982 1
 0.08456707882257182 1.509846143305072 0.09505348778798692 1 877.98114 178.17215 1
 0.08466821726406153 1.509809303164921 0.09630220513455781 1 1237.1815 245.55862 1
 0.08475862458374471 1.509737080383255 0.09760685936521861 1 1587.8419 311.48758 1
 0.08487480313254656 1.509770452218954 0.09894559419632866 1 1894.7332 384.54077 1
 0.08502805640845387 1.510502708897668 0.09884138353910266 1 1777.7347 419.75946 1
 0.08503070396117396 1.510519895074157 0.09759451258417282 1 1496.496 387.6773 1
 0.08499988587175797 1.51049162785341 0.09636010590267163 1 1193.0027 346.9014 1
 0.08495965023418234 1.510475273515727 0.09520089234585458 1 885.51355 305.75125 1
 0.0848885042467399 1.510416420952075 0.09410112730472189 1 582.8511 258.08112 1
 0.0847885354667116 1.510376008389057 0.0931353909210438 1 313.40994 207.70984 1
 0.08467639159429069 1.510388561492102 0.09225291213815197 1 75.46456000000001 160.39787 1
 0.08450601975414852 1.511675868549703 0.09259725603228171 1 220.19408 155.21887 1
 0.08464341730683309 1.511639802666203 0.09375360602205975 1 498.7914 209.32614 1
 0.08470874699861351 1.511348743519404 0.09898266179489801 1 1719.7404 348.371 1
 0.08488224754753448 1.512432147476259 0.100233149061033 1 1835.5328 414.81482 1
 0.08490701641359114 1.512424262090566 0.0989474469745477 1 1608.131 392.46985 1
 0.08489118426669366 1.512403672273291 0.09767509305337702 1 1361.2413 361.1896 1
 0.08484230557225102 1.512385320921415 0.09643119959658478 1 1101.276 323.00125 1
 0.08478764841607016 1.512358501525105 0.09528765295089837 1 849.5245 286.00064 1
 0.08475516536280631 1.512312249916296 0.09422893738071421 1 609.0708 256.60623 1
 0.08473076592655825 1.512245236132616 0.09322864657591519 1 378.42422 231.27242 1
 0.08468224710788942 1.512225168169777 0.0923515558943748 1 178.22942 205.22116 1
 0.08457394164278605 1.512187752070878 0.09157180598454046 1 6.6501474 168.73253 1
 0.08391572702274776 1.513369205652814 0.09127370836640156 1 12.896372 52.239998 1
 0.08399073835218276 1.513392961049044 0.09206951817803925 1 171.81432 77.995346 1
 0.0841363269876602 1.513428572361224 0.09309681832320325 1 380.03424 123.71247 1
 0.08428345881698834 1.513379642780822 0.09423035722478842 1 612.9482 172.23141 1
 0.08440176733320968 1.513255765589729 0.09542636256739506 1 862.32526 217.43758 1
 0.08449567161294066 1.513130269770965 0.09678099828347636 1 1143.3347 263.74 1
 0.08454761306156121 1.513074430232231 0.09822830219334168 1 1427.8433 305.5799 1
 0.08457163588071839 1.51300696393209 0.09960594455615085 1 1681.0905 340.52786 1
 0.08455820904717112 1.512952845344333 0.1009890346064478 1 1911.0178 367.80026 1
 0.08467667198870273 1.514235309608434 0.1016311624258313 1 1887.3098 401.43362 1
 0.08466601715372676 1.51428317915629 0.1004233746246704 1 1705.1285 377.034 1
 0.08461252305476046 1.514300652674017 0.09919082623532022 1 1510.3667 344.25037 1
 0.08454906830338069 1.514332830826333 0.09796582021273936 1 1301.0754 309.0398 1
 0.08446598747968061 1.514404235100559 0.09679914599149314 1 1089.3848 271.82394 1
 0.08436457187676939 1.514424493797159 0.0957024029640525 1 886.43085 232.35562 1
 0.08424986615741788 1.514428719921838 0.0946624770768514 1 690.73193 192.11545 1
 0.08414388983406457 1.514434678651926 0.09369278147338155 1 506.32367 156.0999 1
 0.08403756398127171 1.514488184448179 0.09280491357317767 1 340.48096 124.13522 1
 0.08392919911689044 1.514518617885978 0.09203921610703508 1 199.78438 94.28888999999999 1
 0.08382544132517926 1.514523350846235 0.0913608324576968 1 77.02594999999999 66.958984 1
 0.08419726301927646 1.509242835978986 0.0934730023016213 1 406.97537 2.3233824 1
 0.08439133865971403 1.50948124388561 0.0938373203320553 1 517.68427 78.39341 1
 0.08454910920071119 1.509504211491302 0.09377743436244211 1 494.29608 126.57663 1
 0.08480907891002118 1.509497151396116 0.0935609344372323 1 417.9306 201.91289 1
 0.08515084667493676 1.50944346405689 0.0932899114931133 1 323.80518 302.23074 1
 0.08548436857845886 1.509255158346597 0.09293014526566631 1 194.30693 399.47757 1
 0.08590718203953483 1.509120675342998 0.09259758665690421 1 71.551 530.7982 1
 0.08769514170758072 1.508796228999497 0.09262102315426447 1 38.060402 1129.4657 1
 0.08739424486862826 1.50862364095254 0.09463150670933794 1 708.8955 1098.536 1
 0.08681747100800097 1.508967581939712 0.09527343674984971 1 924.7214 896.31104 1
 0.08614696064534592 1.50930939684937 0.09553553644162421 1 1007.7063 673.119 1
 0.08520044759240725 1.511740450265875 0.09920880122512654 1 1714.7404 462.7135 1
 0.08538722402339925 1.511912994179409 0.1001722315377914 1 1868.3577 519.99915 1
 0.0858586540420383 1.51305976349506 0.101203024904991 1 1912.3641 613.5379 1
 0.08652104383067614 1.512756978244569 0.1011311663096331 1 1915.4431 742.18085 1
 0.0854191183958191 1.510080696110203 0.09929545560474014 1 1911.8815 530.45966 1
 0.08549714107337179 1.512323176497708 0.1003983353378154 1 1863.0997 541.8747 1
 0.08378825565853813 1.513942667994391 0.1015457803694119 1 1911.8994 247.05745 1
 0.0836392639881853 1.514127930615851 0.1006670246968743 1 1769.2709 202.57535 1
 0.08362076633561778 1.514289034456429 0.09949814172949743 1 1574.8557 174.25897 1
 0.08381141535560468 1.514141190054025 0.09843561869579551 1 1404.957 181.57907 1
 0.08426366681947643 1.513943639354854 0.09792991159144011 1 1321.2507 251.72551 1
 0.08493828650187508 1.51383355005477 0.09792570929820639 1 1316.3478 379.09027 1
 0.08570725049181011 1.513663069980738 0.09834421661809373 1 1389.4248 534.8625500000001 1
 0.08624219038900835 1.513509627512155 0.09923179640034975 1 1546.5842 652.1224 1
 0.08629962073988376 1.513311691955433 0.1001658240663977 1 1717.7462 678.4106 1
 0.08543545032617059 1.513402333497331 0.1014341596120798 1 1918.4069 534.7957 1
 0.08491095025841396 1.513637035576737 0.1010848488666418 1 1857.484 433.65463 1
 0.08467056432697313 1.513730076389362 0.1002036749350119 1 1717.0479 373.1847 1
 0.08480942867665855 1.513480233516967 0.09925448328769046 1 1577.854 379.966 1
 0.08532521832962936 1.513182153536107 0.09870778418476733 1 1495.3274 470.3001 1
 0.08613645831731591 1.51304867089014 0.09850964301329608 1 1453.4967 629.84924 1
 0.08701805633479806 1.513067718943964 0.09842770588385076 1 1418.3932 804.39374 1
 0.08777683053088903 1.512594765084462 0.09828185803848193 1 1406.1407 972.5273999999999 1
 0.08812648136349441 1.511675125016837 0.09809880873218395 1 1427.7212 1091.8225 1
 0.08811195514906055 1.510763561135027 0.0979779353867631 1 1476.6792 1146.2107 1
 0.08802755182222419 1.509956837842083 0.09823615631277113 1 1615.3906 1183.8885 1
 0.08785328797226276 1.509237468685973 0.09880255241400797 1 1836.2391 1192.6703 1
 0.08790794024274759 1.509476271086101 0.09723525441465436 1 1422.646 1192.5477 1
 0.08777845086119632 1.510183744139051 0.09750586721364755 1 1429.531 1105.882 1
 0.08789099344918289 1.510689978372683 0.09842645380312745 1 1589.05 1100.3423 1
 0.08820854188147266 1.51088066980356 0.09991680963165306 1 1856.7169 1155.7568 1
 0.08845656123349342 1.514233676324103 0.09959244658993058 1 1508.6587 1031.2739 1
 0.08822649240612482 1.514218077295141 0.09861018020593451 1 1352.3967 988.3243 1
 0.08772977582702739 1.514229913806705 0.09811040601960819 1 1275.9333 896.50165 1
 0.08715644747812779 1.514271256185736 0.0983452964160295 1 1325.7239 793.53 1
 0.08662058637960261 1.514342278008664 0.09915782770105093 1 1468.7228 704.0729 1
 0.08623489485585724 1.514353041395203 0.1002893472974845 1 1655.4629 648.75995 1
 0.0860807932100104 1.514238707647199 0.1013516200199332 1 1825.5114 636.452 1
 0.08793456180523694 1.513615732055549 0.1015983851063148 1 1874.3362 971.44257 1
 0.08777074352663769 1.513595209636768 0.1007514405576689 1 1754.2253 941.849 1
 0.08721610983802115 1.513580849168983 0.09999287907055511 1 1648.2737 839.2648 1
 0.08656932591945271 1.513522717543409 0.09981663949093861 1 1637.8096 720.2215 1
 0.08609989077691038 1.513426180904569 0.100609816168688 1 1782.9836 644.52075 1
 0.08409649035756012 1.514004661248774 0.1006182350734302 1 1766.772 280.2393 1
 0.08422764111314977 1.513980358735965 0.09936503915996793 1 1567.6969 276.28302 1
 0.08426714949406124 1.513843491599451 0.09818839143221919 1 1373.9811 256.832 1
 0.08442357113713095 1.513305105272971 0.09754359081143019 1 1284.951 267.38586 1
 0.08467097621253115 1.512501958863779 0.09739430618213209 1 1301.1533 307.83536 1
 0.084950682725573 1.512002656524069 0.0977839629597746 1 1412.2203 375.33368 1
 0.08521032000879684 1.511659978327886 0.09871721913487604 1 1627.122 454.77896 1
 0.08532082115393938 1.511457884253454 0.09987531084609212 1 1866.0929 504.56458 1
 0.08520334913820017 1.509876229132032 0.09827261020877208 1 1722.51 452.53305 1
 0.08502911882316103 1.510179104604361 0.09705183200423267 1 1395.5009 371.78195 1
 0.08481962340309354 1.510052067430398 0.09605947608183299 1 1147.4092 284.61118 1
 0.0847451202075966 1.509643025556007 0.0955860127345598 1 1040.3882 242.24802 1
 0.08482584581779996 1.509123965365479 0.09569506118875229 1 1105.9899 260.6958 1
 0.08490010508586168 1.508787071510566 0.09617713336121642 1 1283.2926 296.75854 1
 0.0849222574205529 1.508523163173198 0.09681910963164249 1 1511.146 323.06534 1
 0.0849731479231573 1.508418108996287 0.0976607176253397 1 1770.6593 369.624 1
 0.08721576763301332 1.508779932908699 0.09877175325271774 1 1915.2349 1058.0187 1
 0.087614637939538 1.508674931875358 0.09787313448240202 1 1693.0197 1180.5283 1
 0.08754886672289114 1.509149184216212 0.09610466965036218 1 1149.2568 1116.9673 1
 0.0869535491188824 1.50949339262289 0.09546346683450556 1 953.8763 908.53784 1
 0.08631983541072925 1.509665062565386 0.09525413491129213 1 899.7474999999999 707.48157 1
 0.0857618388965017 1.509927981191456 0.09534740516341939 1 929.8338 537.6819 1
 0.08541688890184337 1.510322407538066 0.09587156364036567 1 1064.8392 447.8172 1
 0.0852765129042629 1.510544040416718 0.09688970251263894 1 1317.5369 433.55484 1
 0.08533231900889141 1.510538235785688 0.09810136849080699 1 1602.6886 476.91876 1
 0.08562775507877433 1.510357853419417 0.09889423061142313 1 1792.0944 570.93585 1
 0.08614769281474302 1.51016174385789 0.09922430735950639 1 1871.246 710.7794 1
 0.08666314804948673 1.51011290871468 0.09898860276614337 1 1812.3169 838.35114 1
 0.08701072164356315 1.510259819393275 0.09829619549639569 1 1632.891 912.9070400000001 1
 0.08709617413221038 1.510540615333283 0.09745869400565649 1 1408.2585 913.1501 1
 0.08683425521272223 1.51088842370126 0.09676474419048141 1 1222.3907 823.71136 1
 0.0863956319950132 1.511300686665812 0.09648499108393307 1 1140.2275 696.6408699999999 1
 0.08617235839301984 1.511778833695161 0.09695515409502027 1 1223.8511 639.3228 1
 0.08612410776810045 1.512196860400573 0.09808483887051529 1 1434.9014 637.6794 1
 0.08588449250904003 1.512494090597387 0.09937752698343302 1 1662.012 601.7806399999999 1
 0.08539059957161391 1.512710091237786 0.1001355431383744 1 1783.764 512.2657 1
 0.08491905298298447 1.512985156094296 0.1001071260073399 1 1761.8804 418.40717 1
 0.08456645406365014 1.513465362769324 0.09943794037084674 1 1614.2269 337.6753 1
 0.08442438755771793 1.513623027635331 0.09853887553637437 1 1448.4703 292.33395 1
 0.08457162774442305 1.513696807409923 0.09738954075183541 1 1230.9122 297.04742 1
 0.0848882603716853 1.513478792840094 0.09635723024613685 1 1036.0304 337.8583 1
 0.0850688452354233 1.513263379353884 0.09528037390460151 1 819.38257 353.7306 1
 0.08495345621640744 1.513132931188568 0.09436217699787382 1 629.204 311.9561 1
 0.08459413131415769 1.513287186259667 0.09383332787139342 1 523.5107400000001 228.53015 1
 0.08416906669821252 1.513581775895274 0.0938579245385158 1 537.39014 146.61198 1
 0.08380994118215736 1.513866167741039 0.09427641939446278 1 628.2709 88.7794 1
 0.08352207735594497 1.514184138856493 0.09490917983831103 1 754.1495 53.03201 1
 0.08340043417689123 1.514316252955114 0.09578274018440935 1 921.20233 51.122295 1
 0.08336905389229862 1.514337640851959 0.09673531456998659 1 1095.9062 65.906654 1
 0.08342395129962574 1.514267062011448 0.09770350434072625 1 1274.8835 96.61674499999999 1
 0.08359127579984101 1.514121721724129 0.09861569539377291 1 1439.9663 145.46191 1
 0.0838783742377834 1.514097602763989 0.09913745585691601 1 1525.6923 209.30269 1
 0.08440385157321584 1.513836196578978 0.09894714091129039 1 1504.7036 298.79495 1
 0.085017626874241 1.51355119244475 0.09830645283418162 1 1401.7441 401.57532 1
 0.08555690016164937 1.513178065224496 0.09732642294297759 1 1230.3074 492.20734 1
 0.08585513437688039 1.512985656878384 0.09608596376612971 1 982.2897 534.84045 1
 0.08578546212909043 1.51292065067234 0.09473310576195083 1 696.0320400000001 497.60107 1
 0.08543954890098493 1.512871292421883 0.09361186877112584 1 458.06476 402.9567 1
 0.08500838653573052 1.512863438718232 0.09309077666488609 1 352.60297 299.602 1
 0.0847195032793764 1.513089943115659 0.09330793996712976 1 408.2333 243.24065 1
 0.08481710694928495 1.513265634730736 0.09426443141766735 1 610.2392 282.394 1
 0.08506459497245589 1.513176541515769 0.09562197618035605 1 893.073 358.82608 1
 0.08529788288353525 1.512834808038275 0.09696925985816572 1 1180.9733 432.97787 1
 0.08661146337934501 1.511521146508494 0.09521258823186803 1 818.5089 721.8643 1
 0.08662363427324676 1.511525714951216 0.09408508186549724 1 540.60724 705.1198000000001 1
 0.08664295425846097 1.511207410271652 0.09327876472144486 1 334.74185 704.5124 1
 0.08675495583851833 1.510611606465263 0.09302025177134798 1 249.34776 749.1556399999999 1
 0.08693039686853962 1.510113850487186 0.09333214598967554 1 318.07062 825.99835 1
 0.08707719790075294 1.509879602427106 0.09404479742685547 1 518.77844 895.5764 1
 0.08710364042880872 1.509796000745812 0.0949585902464144 1 788.5557 925.24603 1
 0.08707783417044625 1.509779359486768 0.09609346889158914 1 1116.6239 935.8108999999999 1
 0.0870675485205272 1.509772304921547 0.09747611517155549 1 1485.591 947.4961499999999 1
 0.08708028016817271 1.509641187959079 0.09868138706422684 1 1789.1718 965.71014 1
 0.08754727752896178 1.508704500084995 0.09364974474485903 1 372.9237 1119.5577 1
 0.08688247002442331 1.508689310554133 0.09356642695359323 1 353.94794 899.6854 1
 0.08628772893476359 1.50870392274367 0.09388386306753507 1 475.64352 703.8342 1
 0.08589494384649543 1.508702726134983 0.09457560848159499 1 726.4587 585.6932 1
 0.08589797018169215 1.508667840981596 0.09578476598699345 1 1138.9875 618.33923 1
 0.08464170911730237 1.508085494988136 0.09792411310890162 1 1904.1072 269.18213 1
 0.08439998471981344 1.508200245976516 0.0970065823427449 1 1624.1504 149.7206 1
 0.08429961599428996 1.508393730577799 0.09593237220638708 1 1259.1957 73.33127 1
 0.08427791593406284 1.508550676539546 0.09482114793429931 1 865.379 27.640526 1
 0.08434124901848551 1.508675636231855 0.09379227289891885 1 501.25656 22.913342 1
 0.08444574678303679 1.50887798418252 0.09283976426505491 1 178.96814 45.090843 1
 0.08611694610045895 1.510236967707828 0.09253030464946775 1 110.50515 572.7172 1
 0.08650114738680767 1.510014663320807 0.09382335177338337 1 465.61594 718.01044 1
 0.08676238093802269 1.509722365418984 0.09516701611708794 1 860.5814 834.2367 1
 0.08700861559859044 1.509452457535808 0.09615358500537359 1 1157.9677 937.1259 1
 0.08726085900478676 1.509050868718864 0.09651672491812571 1 1287.5962 1043.4958 1
 0.08750629417277224 1.508720226109344 0.09621607482895374 1 1218.4204 1142.9182 1
 0.08638846269796015 1.508142712462119 0.09473436228537782 1 785.7725 788.7133 1
 0.08593663840724236 1.508219525336481 0.09492758532497353 1 868.0477 623.687 1
 0.08541435139533939 1.508346667158186 0.0946039718637743 1 760.0395 420.21033 1
 0.08485178187793893 1.508464931578553 0.093901009281901 1 521.56647 196.55919 1
 0.08701921218144341 1.510421023660601 0.09246574800800374 1 89.60696 816.9891 1
 0.08710486861347254 1.510378119233381 0.09339898997437616 1 340.88876 862.8113 1
 0.08676917790432043 1.51040776599965 0.09402360382826717 1 519.99567 782.1772999999999 1
 0.08620696336225762 1.510585921666529 0.09429244385205343 1 604.9852 627.4652 1
 0.08545211000635612 1.510989079356048 0.09409570226569733 1 566.62787 415.51398 1
 0.08476070501425674 1.511411528218052 0.09369954146934166 1 481.3018 233.0101 1
 0.0841900757043456 1.51177383851824 0.09308376426361224 1 348.35303 90.34775 1
 0.08412501661184947 1.5117660847096 0.09263941873567164 1 243.38947 66.92675 1
 0.08465375497893979 1.511591887590437 0.0924211555657071 1 172.04594 186.5586 1
 0.0854876663261205 1.511462124112676 0.09227788300511952 1 113.02668 389.3408 1
 0.08633169092261539 1.511311034370135 0.09204268545494745 1 36.17877 599.1826 1
 0.08601411491034863 1.512028594194367 0.09211949450014983 1 92.35477 512.3214 1
 0.08642065105692047 1.511738974046886 0.09326961121013654 1 347.0703 635.0383 1
 0.08676839362405615 1.511434342379901 0.09437892447016651 1 611.2392 748.94727 1
 0.0870649710764546 1.511043636552405 0.09509212872353907 1 791.7658 850.4441 1
 0.08729450387306807 1.510698305305782 0.09507905987435084 1 792.4932 926.3777 1
 0.08746785706802804 1.510363498465671 0.09453586100438717 1 649.22546 983.2393 1
 0.08757482742469781 1.510069185922612 0.09374441702261012 1 425.53748 1017.5885 1
 0.08772913946679317 1.509976754055424 0.09295689368047716 1 197.62619 1049.7336 1
 0.08792343217716497 1.510147727930971 0.0922307120962596 1 8.0501995 1071.101 1
 0.0837095236169525 1.51352862651246 0.09117167281770192 1 6.331658 14.821733 1
 0.08427619686168131 1.513646572430204 0.09221048327969353 1 201.72748 144.24205 1
 0.08465568807190813 1.513783846384412 0.09343462380046089 1 442.75797 241.56868 1
 0.08434771745743873 1.514024699477868 0.09833872049774905 1 1387.9015 276.91782 1
 0.08386696800863684 1.514070550946347 0.09807900864712475 1 1346.3523 182.71756 1
 0.08352570078318608 1.514198941802208 0.09739239325492265 1 1221.315 106.524635 1
 0.0833899796137392 1.514201029093106 0.09638388180057259 1 1037.1838 58.629307 1
 0.08339568605419273 1.51417113031642 0.09524606289521835 1 821.54474 34.84738 1
 0.08343228392059052 1.514100510945199 0.09403052040965217 1 585.5988 17.515121 1
 0.08358678951025858 1.514062514371732 0.09298231272933022 1 377.09354 29.577425 1
 0.08399879710930895 1.514052452675351 0.09219759976741318 1 216.0653 98.50139 1
 0.08461420923670494 1.514039460334798 0.09162762803543137 1 94.37366 211.44919 1
 0.0853141097305533 1.513954924773874 0.09119316327684661 1 1.4671674 341.7799 1
 0.08713731870337171 1.513555831915084 0.09148691309215909 1 12.494217 718.1732 1
 0.08734915760772861 1.513515111789249 0.09239779441319045 1 188.97891 776.9679 1
 0.0873532704219061 1.513608944744345 0.09353268918926552 1 419.34152 792.3952 1
 0.08692903603246326 1.513855383690001 0.09412349377815753 1 545.07385 709.5270400000001 1
 0.08608555695405269 1.514093058632812 0.094072535393576 1 547.4461700000001 537.7604 1
 0.08524557482984446 1.514198457419868 0.094123633878542 1 570.7405 373.14706 1
 0.08468604071778336 1.514197891414214 0.09466208035142747 1 685.3415 272.83698 1
 0.08452809380639946 1.514298669956531 0.09582671336585546 1 910.3795 264.11588 1
 0.08464694313635862 1.514297932543972 0.09712650424817776 1 1151.2291 310.84796 1
 0.08504404499970074 1.514112276657533 0.0979487242839725 1 1302.6475 399.87552 1
 0.0856707170179606 1.51388970842872 0.09809509625931863 1 1331.1713 521.7446 1
 0.086344042613429 1.513698421709444 0.09768009925084419 1 1254.1467 647.52826 1
 0.08682784990354804 1.513561703196423 0.09672456505609062 1 1069.8182 732.74225 1
 0.08700956762621151 1.513470704883569 0.09535907358349638 1 797.3606 753.5735 1
 0.08698560339376013 1.513475560303555 0.09393892907086684 1 506.20758 727.9412 1
 0.08681675998400629 1.513508669316835 0.09261372998940637 1 237.99437 672.06006 1
 0.08654842653265829 1.513413448373613 0.09145858364593593 1 7.6581025 600.5968 1
 0.08723120906874873 1.51102818431796 0.09273255029924446 1 182.95375 850.2679000000001 1
 0.0872675194557986 1.510857766796736 0.0941013863835624 1 533.6472 894.9561 1
 0.08728973796866318 1.510793645090222 0.09576258791750475 1 968.0259 930.00653 1
 0.08721514166699265 1.510733283780749 0.09760028670277276 1 1421.9132 933.95667 1
 0.08694692209548369 1.510697785860688 0.09923997719809206 1 1788.4376 883.91785 1
 0.08634447971542468 1.512728562810182 0.1002022072088825 1 1774.4666 699.93854 1
 0.08652853344626607 1.512900513147055 0.09913205442622146 1 1570.1587 719.5958000000001 1
 0.08665833680395592 1.512971645354136 0.09808346631234265 1 1368.0077 731.4102 1
 0.08675028479771328 1.512951624338414 0.09708137801600326 1 1170.8053 738.1607 1
 0.08686231475642381 1.512917629293001 0.09606512863759757 1 961.3132000000001 749.0493 1
 0.08699066048805425 1.512815574814478 0.09516162179642898 1 769.3287 766.86664 1
 0.08711988185792612 1.5127008140227 0.09450463623768009 1 625.68945 788.5349 1
 0.08723912168712968 1.512563408896 0.09420386247678271 1 558.071 814.52936 1
 0.08739604605751207 1.512560684783642 0.0943851811054703 1 596.08264 851.7838 1
 0.08750680297194378 1.512465925566494 0.09493268088612007 1 716.859 887.941 1
 0.08766978740384306 1.512293924887108 0.0992562740279183 1 1615.3774 969.7181399999999 1
 0.08758444994931545 1.512211367865795 0.1001821917170867 1 1788.6506 959.5827 1
 0.08746945302953468 1.512241838651599 0.1009962904391693 1 1918.0372 938.29474 1


